0.088	0.78	-0.046	-0.24	0.39	0.019	0.19	-2.1	0.024	-0.82	0.087	-0.003
0.062	0.83	-0.044	-0.33	0.63	0.021	0.2	-2	0.019	-0.84	0.093	-0.0029
0.029	0.91	-0.042	-0.26	0.68	0.02	0.2	-1.9	0.015	-0.85	0.098	-0.0028
0.0035	0.98	-0.04	-0.27	0.76	0.018	0.2	-1.8	0.011	-0.86	0.1	-0.0026
-0.022	1.1	-0.038	-0.28	0.78	0.016	0.2	-1.7	0.0072	-0.86	0.1	-0.0025
-0.048	1.1	-0.037	-0.25	0.75	0.015	0.2	-1.6	0.0035	-0.87	0.1	-0.0023
-0.071	1.2	-0.035	-0.16	0.64	0.014	0.19	-1.5	-0.0001	-0.87	0.1	-0.0022
-0.084	1.3	-0.034	-0.23	0.32	0.013	0.18	-1.3	-0.0036	-0.87	0.098	-0.002
-0.1	1.3	-0.033	-0.37	0.076	0.0096	0.17	-1.2	-0.0069	-0.86	0.095	-0.0018
-0.14	1.3	-0.032	-0.26	-0.11	0.0074	0.16	-1.1	-0.01	-0.85	0.091	-0.0017
-0.16	1.3	-0.031	-0.22	-0.34	0.0073	0.15	-0.96	-0.013	-0.84	0.085	-0.0015
-0.18	1.2	-0.03	-0.29	-0.5	0.009	0.13	-0.84	-0.016	-0.83	0.079	-0.0014
-0.2	1.2	-0.029	-0.14	-0.74	0.012	0.11	-0.72	-0.019	-0.82	0.071	-0.0013
-0.21	1.1	-0.028	-0.044	-0.88	0.016	0.092	-0.61	-0.022	-0.81	0.063	-0.0012
-0.21	0.99	-0.026	0.089	-0.85	0.019	0.071	-0.51	-0.025	-0.8	0.055	-0.0012
-0.2	0.9	-0.024	0.042	-0.85	0.022	0.05	-0.41	-0.027	-0.79	0.048	-0.0011
-0.19	0.82	-0.022	0.16	-0.79	0.024	0.031	-0.33	-0.03	-0.79	0.042	-0.0011
-0.17	0.75	-0.019	0.29	-0.8	0.026	0.012	-0.25	-0.032	-0.79	0.037	-0.001
-0.15	0.68	-0.017	0.23	-0.73	0.027	-0.0037	-0.18	-0.033	-0.79	0.033	-0.00093
-0.12	0.61	-0.014	0.13	-0.54	0.026	-0.017	-0.11	-0.035	-0.79	0.031	-0.00085
-0.11	0.57	-0.011	0.028	-0.34	0.025	-0.029	-0.053	-0.036	-0.79	0.03	-0.00077
-0.11	0.53	-0.009	0.017	-0.052	0.022	-0.04	0.0019	-0.037	-0.79	0.029	-0.0007
-0.11	0.53	-0.007	-0.029	-0.099	0.018	-0.051	0.055	-0.038	-0.79	0.027	-0.00064
-0.11	0.51	-0.0054	0.00052	-0.22	0.014	-0.062	0.11	-0.039	-0.78	0.025	-0.00057
-0.11	0.49	-0.0041	0.068	-0.43	0.011	-0.072	0.16	-0.039	-0.78	0.023	-0.00052
-0.099	0.44	-0.003	0.044	-0.62	0.01	-0.083	0.2	-0.04	-0.77	0.02	-0.00047
-0.094	0.38	-0.002	0.05	-0.62	0.011	-0.092	0.24	-0.04	-0.76	0.017	-0.00043
-0.088	0.31	-0.0009 0.021	-0.48	0.011	-0.1	0.28	-0.04	-0.75	0.014	-0.0004
-0.084	0.26	0.00021	-0.0049	-0.61	0.011	-0.11	0.31	-0.04	-0.75	0.011	-0.00037
-0.083	0.21	0.0014	0.15	-0.6	0.012	-0.12	0.33	-0.04	-0.74	0.0069	-0.00035
-0.067	0.15	0.0026	0.13	-0.49	0.012	-0.13	0.35	-0.04	-0.74	0.0035	-0.00033
-0.054	0.1	0.0038	0.13	-0.56	0.012	-0.13	0.36	-0.039	-0.74	0.00063	-0.00031
-0.041	0.051	0.005	0.0092	-0.33	0.012	-0.14	0.37	-0.039	-0.74	-0.0018	-0.00029
-0.024	0.53	0.0054	-0.044	7.4	-0.02	-0.14	0.39	-0.038	-0.73	-0.0035	-0.00027
-0.031	1.1	-0.0003	-0.27	4.8	-0.093	-0.14	0.47	-0.038	-0.67	-0.0055	-0.00022
-0.054	1.5	-0.011	-0.22	2.8	-0.11	-0.15	0.61	-0.039	-0.57	-0.0089	-6.1e-05
-0.072	1.7	-0.02	0.0032	0.96	-0.054	-0.15	0.77	-0.04	-0.45	-0.014	0.0002
-0.069	1.7	-0.02	0.043	-0.49	0.049	-0.16	0.95	-0.042	-0.33	-0.019	0.00036
-0.063	1.6	-0.011	0.093	-1.6	0.14	-0.17	1.1	-0.044	-0.22	-0.025	0.00026
-0.052	1.4	0.0048	0.14	-2.2	0.17	-0.17	1.3	-0.044	-0.12	-0.03	-5.3e-05
-0.037	1.2	0.021	0.16	-2.5	0.14	-0.18	1.4	-0.043	-0.044	-0.035	-0.00046
-0.02	0.95	0.032	0.19	-2.2	0.089	-0.18	1.5	-0.04	0.013	-0.038	-0.00084
-0.0006	0.73	0.038	0.31	-2	0.036	-0.18	1.6	-0.037	0.05	-0.041	-0.0011
0.028	0.54	0.04	0.24	-1.8	-0.0023	-0.18	1.7	-0.033	0.074	-0.042	-0.0012
0.049	0.36	0.038	0.24	-1.7	-0.024	-0.18	1.7	-0.029	0.087	-0.043	-0.0013
0.063	0.2	0.035	-0.036	-1.5	-0.033	-0.17	1.7	-0.025	0.093	-0.042	-0.0012
0.044	0.093	0.032	-0.18	-0.6	-0.031	-0.17	1.7	-0.022	0.095	-0.042	-0.0012
0.04	0.049	0.029	-0.02	-0.31	-0.034	-0.16	1.8	-0.019	0.099	-0.043	-0.0011
0.042	0.018	0.026	0.044	-0.26	-0.034	-0.16	1.8	-0.016	0.11	-0.045	-0.001
0.048	-0.011	0.022	0.089	-0.48	-0.031	-0.15	1.8	-0.014	0.12	-0.046	-0.00096
0.058	-0.063	0.019	0.1	-0.51	-0.03	-0.15	1.8	-0.012	0.14	-0.047	-0.00088
0.068	-0.12	0.016	0.13	-0.63	-0.026	-0.14	1.7	-0.0099	0.15	-0.047	-0.00082
0.08	-0.18	0.014	0.12	-0.75	-0.023	-0.13	1.7	-0.0084	0.17	-0.046	-0.00076
0.091	-0.26	0.012	0.045	-0.68	-0.021	-0.13	1.7	-0.0071	0.19	-0.045	-0.00071
0.095	-0.33	0.0097	-0.065	-0.75	-0.02	-0.12	1.7	-0.006	0.2	-0.044	-0.00065
0.089	-0.4	0.0078	-0.061	-0.56	-0.019	-0.11	1.6	-0.0052	0.22	-0.042	-0.00059
0.091	-0.15	0.0057	0.082	2.7	-0.025	-0.098	1.6	-0.0045	0.24	-0.041	-0.00053
0.098	0.091	0.0029	0.017	2	-0.03	-0.088	1.6	-0.004	0.28	-0.039	-0.0005
0.098	0.26	0.0004	-0.031	1.2	-0.017	-0.078	1.6	-0.0039	0.34	-0.038	-0.00048
0.094	0.34	-9.9e-5	0.016	0.43	0.0095	-0.069	1.7	-0.004	0.4	-0.036	-0.00044
0.094	0.35	0.0022	-0.083	-0.43	0.036	-0.059	1.7	-0.0038	0.47	-0.034	-0.00037
0.086	0.27	0.0067	-0.055	-1.1	0.051	-0.05	1.7	-0.0034	0.53	-0.033	-0.00028
0.081	0.13	0.012	-0.063	-1.7	0.047	-0.042	1.7	-0.0024	0.58	-0.032	-0.00019
0.075	-0.065	0.016	-0.13	-2.2	0.029	-0.034	1.7	-0.0011	0.62	-0.031	-0.00011
0.063	-0.29	0.017	-0.0052	-2.2	0.0026	-0.027	1.7	0.00061	0.64	-0.031	-6.6e-05
0.063	-0.51	0.016	0.17	-2.2	-0.024	-0.021	1.7	0.0023	0.65	-0.031	-4.2e-05
0.079	-0.73	0.013	0.057	-2	-0.045	-0.014	1.6	0.0038	0.64	-0.03	-1.9e-05
0.084	-0.9	0.0077	-0.0047	-1.5	-0.054	-0.0056	1.5	0.0048	0.62	-0.028	1.4e-05
0.082	-1	0.0023	0.033	-0.92	-0.052	0.0027	1.5	0.0053	0.59	-0.026	4e-05
0.085	-1.1	-0.0024	0.04	-0.32	-0.042	0.011	1.3	0.0053	0.56	-0.024	4.9e-05
0.087	-1.1	-0.0059	0.059	0.063	-0.028	0.02	1.2	0.0049	0.52	-0.021	3.9e-05
0.091	-1.1	-0.0081	0.09	0.43	-0.017	0.029	1.1	0.0042	0.49	-0.018	7.4e-06
0.098	-1	-0.0094	0.12	0.63	-0.0094	0.038	1	0.0033	0.47	-0.014	-4.1e-05
0.11	-0.95	-0.01	-0.029	0.72	-0.0054	0.048	0.92	0.0023	0.46	-0.0096	-0.0001
0.1	-0.87	-0.011	-0.0061	0.66	-0.0031	0.059	0.83	0.0013	0.45	-0.005	-0.00016
0.099	-0.81	-0.011	-0.058	0.65	-0.0012	0.069	0.75	0.00022	0.45	-0.0005	-0.00022
0.091	-0.74	-0.011	-0.07	0.62	0.00098	0.078	0.67	-0.0009	0.45	0.0038	-0.00025
0.083	-0.69	-0.011	-0.11	0.5	0.0037	0.087	0.6	-0.0019	0.45	0.0078	-0.00026
0.071	-0.64	-0.01	-0.05	0.41	0.0061	0.095	0.53	-0.003	0.46	0.011	-0.00024
0.065	-0.61	-0.0094	-0.12	0.3	0.0077	0.1	0.47	-0.0039	0.46	0.014	-0.00021
0.053	-0.58	-0.0085	-0.15	0.24	0.0083	0.11	0.41	-0.0048	0.47	0.017	-0.00017
0.038	-0.56	-0.0077	-0.12	0.12	0.008	0.11	0.35	-0.0056	0.47	0.019	-0.00014
0.026	-0.55	-0.007	-0.031	0.1	0.0068	0.12	0.3	-0.0064	0.48	0.02	-0.0001
0.022	-0.54	-0.0064	-0.0053	0.074	0.0053	0.12	0.24	-0.007	0.47	0.022	-7.7e-05
0.021	-0.53	-0.0059	0.023	0.14	0.0038	0.12	0.19	-0.0077	0.47	0.023	-5.7e-05
0.022	-0.52	-0.0056	0.065	0.15	0.003	0.12	0.14	-0.0082	0.47	0.025	-4.2e-05
0.027	-0.5	-0.0053	0.021	0.21	0.0026	0.12	0.087	-0.0088	0.46	0.027	-2.8e-05
0.028	-0.47	-0.005	-0.045	0.29	0.0027	0.13	0.039	-0.0093	0.45	0.03	-1.7e-05
0.023	-0.44	-0.0048	0.0077	0.37	0.0031	0.13	-0.007	-0.0098	0.44	0.033	-1.3e-05
0.022	-0.4	-0.0044	-0.05	0.35	0.0039	0.13	-0.049	-0.01	0.44	0.036	-1.6e-05
0.016	-0.36	-0.004	-0.058	0.35	0.0044	0.13	-0.087	-0.011	0.43	0.039	-2.2e-05
0.0096	-0.33	-0.0035	-0.012	0.36	0.0047	0.14	-0.12	-0.011	0.42	0.041	-3.1e-05
0.0074	-0.29	-0.0031	0.035	0.33	0.0049	0.14	-0.15	-0.011	0.42	0.044	-3.9e-05
0.0095	-0.25	-0.0026	-0.033	0.33	0.005	0.14	-0.18	-0.012	0.41	0.046	-4.5e-05
0.0052	-0.22	-0.0021	-0.0018	0.33	0.005	0.14	-0.2	-0.012	0.41	0.049	-4.8e-05
0.0039	-0.19	-0.0016	-0.037	0.38	0.0049	0.14	-0.22	-0.012	0.41	0.052	-5e-05
-0.0006	-0.15	-0.0011	0.062	0.32	0.0049	0.14	-0.24	-0.012	0.4	0.054	-5e-05
0.0041	-0.12	-0.0006	0.089	0.28	0.0048	0.14	-0.25	-0.012	0.4	0.057	-4.9e-05
0.011	-0.089	-0.0001	0.045	0.21	0.0045	0.14	-0.26	-0.012	0.4	0.06	-4.7e-05
0.014	-0.068	0.0003	0.055	0.2	0.0041	0.14	-0.27	-0.012	0.4	0.064	-4.4e-05
0.017	-0.048	0.00069	0.008	0.17	0.0037	0.14	-0.28	-0.012	0.4	0.067	-3.9e-05
0.016	-0.031	0.001	0.01	0.21	0.0033	0.14	-0.28	-0.012	0.4	0.071	-3.4e-05
0.015	-0.0096	0.0014	-0.027	0.22	0.003	0.15	-0.28	-0.012	0.4	0.075	-3e-05
0.011	0.012	0.0017	-0.15	0.26	0.0028	0.15	-0.28	-0.012	0.39	0.079	-2.7e-05
-0.0046	0.038	0.0019	-0.31	0.22	0.0025	0.15	-0.28	-0.012	0.39	0.082	-2.5e-05
-0.034	0.058	0.0022	-0.11	0.2	0.0022	0.15	-0.28	-0.012	0.39	0.083	-2.4e-05
-0.045	0.077	0.0024	-0.076	0.24	0.0019	0.14	-0.27	-0.011	0.39	0.083	-2.2e-05
-0.052	0.099	0.0025	-0.12	0.14	0.0017	0.14	-0.26	-0.011	0.4	0.083	-1.8e-05
-0.063	0.11	0.0027	-0.055	0.095	0.0014	0.13	-0.25	-0.011	0.4	0.083	-1.5e-05
-0.067	0.12	0.0028	0.012	0.015	0.0011	0.12	-0.24	-0.011	0.4	0.082	-1.2e-05
-0.066	0.12	0.0029	-0.16	0.1	0.00081	0.12	-0.23	-0.01	0.4	0.081	-1.1e-05
-0.08	0.13	0.003	-0.078	0.061	0.00051	0.11	-0.21	-0.0099	0.4	0.08	-1.1e-05
-0.087	0.13	0.003	-0.07	-0.044	0.00018	0.1	-0.2	-0.0096	0.4	0.078	-1.1e-05
-0.092	0.13	0.003	-0.25	-0.085	-0.0002	0.093	-0.19	-0.0093	0.4	0.076	-1.1e-05
-0.11	0.12	0.003	-0.087	-0.019	-0.0006	0.083	-0.17	-0.009	0.4	0.073	-1.2e-05
-0.12	0.12	0.0029	-0.2	-0.029	-0.0008	0.071	-0.16	-0.0087	0.4	0.07	-1.4e-05
-0.14	0.12	0.0028	-0.091	0.026	-0.0009	0.058	-0.15	-0.0084	0.4	0.066	-1.4e-05
-0.14	0.12	0.0027	-0.0095	-0.0088	-0.0009	0.044	-0.14	-0.0082	0.4	0.061	-1.4e-05
-0.14	0.12	0.0026	0.057	0.046	-0.0007	0.03	-0.13	-0.0079	0.4	0.056	-1.1e-05
-0.14	0.12	0.0026	0.03	0.037	-0.0004	0.016	-0.12	-0.0076	0.4	0.051	-7.2e-06
-0.13	0.13	0.0025	0.079	-0.034	-0.0003	0.0023	-0.1	-0.0074	0.4	0.047	-3.3e-06
-0.12	0.12	0.0025	0.13	0.041	-0.0002	-0.01	-0.09	-0.0071	0.4	0.044	-4.7e-07
-0.11	0.13	0.0025	0.26	-0.087	-0.0002	-0.022	-0.078	-0.0069	0.41	0.041	7.5e-08
-0.083	0.12	0.0025	0.21	-0.11	-0.0003	-0.031	-0.066	-0.0066	0.41	0.039	-5.5e-07
-0.062	0.11	0.0024	0.2	-0.18	-0.0005	-0.039	-0.054	-0.0064	0.41	0.038	-2.3e-06
-0.044	0.089	0.0023	0.31	-0.17	-0.0008	-0.044	-0.045	-0.0062	0.41	0.038	-2.8e-06
-0.015	0.073	0.0022	0.061	-0.0098	-0.0011	-0.047	-0.037	-0.0059	0.41	0.04	-1.3e-06
-0.01	0.073	0.0021	0.0062	0.02	-0.0009	-0.048	-0.029	-0.0057	0.41	0.042	6.6e-07
-0.011	0.075	0.0021	0.015	0.1	-0.0006	-0.049	-0.022	-0.0055	0.41	0.043	4.6e-07
-0.0097	0.084	0.002	-0.004	0.15	-0.0003	-0.05	-0.014	-0.0053	0.41	0.045	-7.9e-07
-0.01	0.097	0.002	-0.18	0.12	1.1e-05	-0.051	-0.0049	-0.0051	0.41	0.046	-1.7e-06
-0.027	0.11	0.002	-0.009	0.12	0.00028	-0.053	0.0053	-0.0049	0.41	0.045	-8.5e-08
-0.027	0.12	0.002	0.02	0.039	0.00053	-0.056	0.016	-0.0047	0.42	0.044	4.7e-06
-0.025	0.12	0.0021	0.063	-0.0073	0.0007	-0.058	0.028	-0.0045	0.42	0.043	8e-06
-0.018	0.11	0.0022	0.13	-0.035	0.00074	-0.06	0.04	-0.0043	0.43	0.041	7.8e-06
-0.006	0.11	0.0023	0.06	-0.013	0.00064	-0.062	0.051	-0.0041	0.43	0.04	3.9e-06
-0.0001	0.1	0.0023	0.045	-0.1	0.00036	-0.062	0.061	-0.0038	0.44	0.039	-2e-06
0.0042	0.091	0.0023	0.14	-0.14	-9.1e-6	-0.062	0.071	-0.0036	0.44	0.039	-6.8e-06
0.017	0.075	0.0023	0.081	-0.14	-0.0006	-0.061	0.079	-0.0034	0.45	0.039	-1e-05
0.024	0.061	0.0022	0.03	-0.2	-0.0011	-0.058	0.086	-0.0031	0.45	0.039	-1.2e-05
0.027	0.041	0.0021	-0.01	-0.22	-0.0017	-0.056	0.091	-0.0029	0.45	0.04	-1.2e-05
0.026	0.019	0.0019	0.082	-0.19	-0.0022	-0.053	0.094	-0.0027	0.45	0.04	-1.1e-05
0.033	0.0014	0.0016	0.11	-0.21	-0.0025	-0.05	0.095	-0.0026	0.45	0.041	-9.5e-06
0.042	-0.018	0.0014	0.15	-0.14	-0.0027	-0.047	0.094	-0.0024	0.45	0.042	-7.3e-06
0.055	-0.03	0.0011	0.061	-0.025	-0.0026	-0.042	0.092	-0.0023	0.44	0.044	-4.7e-06
0.06	-0.031	0.00085	-0.098	-0.019	-0.0022	-0.036	0.089	-0.0022	0.44	0.046	-3.2e-06
0.05	-0.032	0.00066	-0.0074	0.00023	-0.0017	-0.03	0.086	-0.0021	0.44	0.048	-4.6e-06
0.049	-0.031	0.00051	0.091	-0.052	-0.0013	-0.025	0.083	-0.0021	0.44	0.049	-7.7e-06
0.056	-0.035	0.0004	0.013	0.039	-0.0009	-0.02	0.079	-0.002	0.44	0.051	-1e-05
0.057	-0.031	0.00032	-0.045	0.039	-0.0005	-0.014	0.076	-0.002	0.44	0.052	-1.2e-05
0.052	-0.028	0.00029	-0.021	0.067	-0.0002	-0.009	0.073	-0.0019	0.44	0.054	-1.3e-05
0.05	-0.022	0.00028	-0.088	0.043	0.00013	-0.0039	0.07	-0.0019	0.44	0.055	-1.4e-05
0.041	-0.018	0.00031	-0.036	-0.077	0.0003	0.00065	0.068	-0.0019	0.44	0.056	-1.3e-05
0.037	-0.027	0.00033	0.016	-0.081	0.00022	0.0046	0.066	-0.0019	0.44	0.057	-1.2e-05
0.038	-0.035	0.00035	-0.082	-0.11	3.2e-05	0.0083	0.063	-0.0018	0.44	0.057	-1.1e-05
0.031	-0.045	0.00033	0.051	-0.064	-0.0002	0.012	0.059	-0.0018	0.44	0.058	-9.4e-06
0.035	-0.051	0.0003	-0.069	-0.078	-0.0004	0.015	0.054	-0.0018	0.44	0.058	-8.2e-06
0.028	-0.058	0.00025	-0.11	-0.14	-0.0006	0.018	0.049	-0.0017	0.44	0.059	-7.1e-06
0.018	-0.07	0.00016	-0.18	-0.12	-0.0009	0.021	0.042	-0.0017	0.44	0.059	-6.9e-06
0.0011	-0.081	5.1e-05	-0.12	-0.1	-0.0012	0.021	0.035	-0.0017	0.43	0.059	-8.1e-06
-0.0099	-0.089	-7.5e-05	-0.04	-0.12	-0.0013	0.021	0.026	-0.0017	0.43	0.058	-1e-05
-0.013	-0.098	-0.00021	0.085	-0.046	-0.0013	0.02	0.017	-0.0017	0.43	0.056	-1.2e-05
-0.0046	-0.099	-0.00032	0.03	0.11	-0.00098	0.019	0.0071	-0.0017	0.42	0.055	-1e-05
-0.0015	-0.087	-0.00039	0.022	0.17	-0.0004	0.019	-0.0022	-0.0018	0.42	0.054	-5.3e-06
0.00076	-0.069	-0.0004	0.0011	0.11	0.00018	0.019	-0.01	-0.0018	0.42	0.054	-5.8e-07
0.00087	-0.058	-0.00036	0.044	0.15	0.00057	0.019	-0.016	-0.0018	0.41	0.054	2.7e-06
0.0049	-0.043	-0.00029	0.12	0.14	0.00095	0.019	-0.021	-0.0019	0.41	0.055	4.1e-06
0.015	-0.029	-0.00018	0.096	0.15	0.0012	0.02	-0.025	-0.0019	0.41	0.056	3.9e-06
0.023	-0.016	-3.9e-05	0.04	0.085	0.0015	0.022	-0.027	-0.0019	0.42	0.057	2.4e-06
0.026	-0.0086	0.00011	0.017	0.1	0.0016	0.024	-0.028	-0.0019	0.42	0.059	7.9e-07
0.027	0.00041	0.00027	-0.085	0.067	0.0016	0.027	-0.029	-0.0019	0.42	0.061	5e-07
0.018	0.0057	0.00043	-0.1	0.071	0.0015	0.029	-0.029	-0.0019	0.42	0.063	1.8e-06
0.008	0.011	0.00057	-0.19	0.072	0.0013	0.031	-0.028	-0.0018	0.42	0.064	4.7e-06
-0.0094	0.017	0.00068	-0.16	0.049	0.001	0.031	-0.026	-0.0017	0.42	0.064	8.2e-06
-0.024	0.02	0.00077	-0.11	0.045	0.00068	0.029	-0.024	-0.0017	0.43	0.063	1.1e-05
-0.034	0.024	0.00082	0.018	-0.02	0.00041	0.026	-0.022	-0.0016	0.43	0.062	1.3e-05
-0.032	0.021	0.00085	0.038	0.03	0.00017	0.023	-0.02	-0.0015	0.43	0.06	1.3e-05
-0.027	0.023	0.00086	0.043	0.014	2.6e-05	0.02	-0.018	-0.0014	0.43	0.059	1.1e-05
-0.028	0.15	0.00098	-0.1	2.1	0.0025	0.017	-0.012	-0.0013	0.44	0.058	8.7e-06
-0.037	0.34	0.0012	-0.15	1.7	0.0019	0.014	0.012	-0.0012	0.45	0.056	1.3e-05
-0.05	0.49	0.0015	-0.13	1.3	0.0054	0.0095	0.054	-0.0011	0.48	0.054	3.4e-05
-0.061	0.59	0.0024	-0.11	0.7	0.013	0.0039	0.11	-0.00091	0.52	0.052	6.3e-05
-0.07	0.63	0.0042	-0.14	0.15	0.023	-0.0027	0.17	-0.00058	0.56	0.048	7.7e-05
-0.082	0.62	0.0069	-0.12	-0.41	0.029	-0.01	0.23	-3.4e-05	0.6	0.045	6.2e-05
-0.091	0.55	0.0098	-0.11	-0.94	0.028	-0.019	0.29	0.0008	0.64	0.04	1.5e-05
-0.099	0.44	0.012	-0.16	-1.3	0.019	-0.029	0.34	0.0019	0.67	0.035	-6.6e-05
-0.11	0.31	0.013	-0.13	-1.4	0.0048	-0.039	0.38	0.0032	0.69	0.03	-0.00017
-0.12	0.17	0.013	0.039	-1.4	-0.01	-0.051	0.4	0.0045	0.69	0.024	-0.00028
-0.11	0.037	0.011	0.079	-1.2	-0.023	-0.063	0.41	0.0058	0.69	0.018	-0.00036
-0.1	-0.068	0.0087	0.17	-0.9	-0.03	-0.074	0.41	0.0068	0.68	0.012	-0.00041
-0.086	-0.14	0.0056	0.21	-0.63	-0.031	-0.083	0.4	0.0075	0.66	0.0078	-0.0004
-0.065	-0.19	0.0026	0.35	-0.38	-0.029	-0.091	0.38	0.0079	0.65	0.0046	-0.00035
-0.031	-0.21	-0.0001	0.31	-0.14	-0.024	-0.096	0.36	0.008	0.63	0.0033	-0.00027
-0.0022	-0.21	-0.0023	0.28	0.069	-0.019	-0.097	0.34	0.0079	0.61	0.0037	-0.00019
0.024	-0.2	-0.0039	0.075	0.23	-0.014	-0.096	0.32	0.0076	0.6	0.0056	-0.00013
0.03	-0.17	-0.0051	0.07	0.22	-0.0095	-0.094	0.3	0.0071	0.6	0.0081	-0.0001
0.035	-0.15	-0.0059	0.028	0.29	-0.0058	-0.09	0.29	0.0066	0.59	0.011	-0.0001
0.037	-0.12	-0.0063	0.00027	0.31	-0.0024	-0.087	0.27	0.006	0.59	0.013	-0.00011
0.036	-0.093	-0.0064	0.0074	0.24	0.00064	-0.083	0.26	0.0053	0.6	0.014	-0.00011
0.036	-0.075	-0.0062	0.063	0.063	0.0032	-0.079	0.25	0.0047	0.6	0.016	-0.00011
0.042	-0.073	-0.0058	-0.032	-0.067	0.0049	-0.076	0.25	0.0041	0.61	0.017	-0.0001
0.038	-0.084	-0.0052	-0.15	-0.19	0.0055	-0.072	0.24	0.0036	0.62	0.018	-9e-05
0.024	-0.11	-0.0047	-0.13	-0.25	0.0049	-0.068	0.23	0.0031	0.62	0.017	-7.7e-05
0.013	-0.13	-0.0043	-0.068	-0.33	0.0034	-0.067	0.22	0.0026	0.62	0.016	-6.6e-05
0.007	-0.16	-0.004	-0.087	-0.32	0.0015	-0.066	0.2	0.0022	0.62	0.014	-6.1e-05
-0.00015	-0.19	-0.004	-0.1	-0.24	-0.00038	-0.065	0.19	0.0018	0.62	0.012	-6.2e-05
-0.0084	-0.21	-0.0041	-0.15	-0.23	-0.0016	-0.066	0.17	0.0014	0.62	0.0093	-6.6e-05
-0.021	-0.23	-0.0043	-0.037	-0.068	-0.0023	-0.067	0.14	0.001	0.61	0.0059	-6.8e-05
-0.023	-0.23	-0.0045	0.052	0.051	-0.0019	-0.069	0.12	0.00056	0.6	0.0022	-6.6e-05
-0.016	-0.22	-0.0046	0.097	0.087	-0.00087	-0.071	0.097	0.0001	0.6	-0.0012	-5.5e-05
-0.0055	-0.21	-0.0047	0.051	0.044	0.00019	-0.073	0.076	-0.00036	0.59	-0.0038	-3.7e-05
0.00033	-0.2	-0.0046	0.045	0.1	0.001	-0.073	0.055	-0.00083	0.59	-0.0057	-1.7e-05
0.0053	-0.19	-0.0045	-0.041	0.13	0.0018	-0.073	0.036	-0.0013	0.58	-0.0072	-7.3e-07
0.0021	-0.16	-0.0042	-0.046	0.31	0.0031	-0.072	0.018	-0.0017	0.58	-0.0086	1e-05
-0.0016	-0.13	-0.0039	0.026	0.3	0.0042	-0.072	0.0037	-0.0021	0.58	-0.01	1.8e-05
0.0016	-0.099	-0.0034	-0.062	0.38	0.0052	-0.072	-0.0076	-0.0025	0.58	-0.012	2.2e-05
-0.0036	-0.065	-0.0028	-0.096	0.25	0.006	-0.072	-0.016	-0.0028	0.58	-0.013	2.4e-05
-0.012	-0.043	-0.0022	-0.015	0.095	0.0065	-0.073	-0.021	-0.003	0.58	-0.015	2.6e-05
-0.012	-0.036	-0.0015	0.1	0.021	0.0063	-0.074	-0.025	-0.0032	0.59	-0.017	2.6e-05
-0.0017	-0.037	-0.00094	0.13	0.017	0.0057	-0.075	-0.029	-0.0034	0.59	-0.019	2.1e-05
0.011	-0.036	-0.00042	0.16	-0.042	0.0047	-0.074	-0.032	-0.0034	0.59	-0.02	1.4e-05
0.027	-0.041	-1.2e-05	0.18	-0.019	0.0034	-0.073	-0.036	-0.0034	0.59	-0.021	7.5e-06
0.044	-0.043	0.00027	0.14	-0.019	0.0023	-0.069	-0.04	-0.0034	0.59	-0.02	4.2e-06
0.057	-0.044	0.00045	0.045	-0.00039	0.0013	-0.064	-0.045	-0.0034	0.59	-0.018	3.7e-06
0.06	-0.043	0.00055	-0.032	-0.013	0.00063	-0.058	-0.049	-0.0033	0.59	-0.016	4.3e-06
0.056	-0.043	0.00058	-0.029	-0.05	0.00012	-0.052	-0.054	-0.0033	0.59	-0.014	4.1e-06
0.052	-0.046	0.00057	-0.0044	-0.081	-0.00036	-0.047	-0.058	-0.0032	0.58	-0.012	2.3e-06
0.051	-0.052	0.00051	0.023	0.031	-0.00077	-0.042	-0.063	-0.0032	0.58	-0.011	-2.2e-07
0.053	-0.047	0.00043	-0.057	0.12	-0.0007	-0.036	-0.068	-0.0031	0.58	-0.0098	-2.8e-06
0.047	-0.033	0.00038	0.017	0.18	-0.00028	-0.031	-0.072	-0.0031	0.58	-0.0088	-5.4e-06
0.048	-0.015	0.00038	0.084	0.17	0.0003	-0.027	-0.075	-0.0031	0.57	-0.008	-8.2e-06
0.056	0.0015	0.00044	0.12	0.16	0.00085	-0.021	-0.075	-0.003	0.57	-0.0068	-1.1e-05
0.066	0.016	0.00055	0.09	0.15	0.0013	-0.015	-0.074	-0.003	0.57	-0.0051	-1.3e-05
0.073	0.029	0.0007	0.012	0.24	0.0017	-0.0084	-0.072	-0.0029	0.57	-0.0027	-1.5e-05
0.073	0.0012	0.00082	-0.16	-0.34	0.00059	-0.001	-0.07	-0.0028	0.58	-0.00015	-1.5e-05
0.057	-0.03	0.00081	-0.36	-0.27	-0.00069	0.0055	-0.072	-0.0027	0.57	0.0018	-1.1e-05
0.023	-0.053	0.00069	-0.38	-0.11	-0.0018	0.0095	-0.076	-0.0027	0.57	0.0021	-1e-05
-0.012	-0.06	0.00048	-0.22	-0.041	-0.0022	0.01	-0.082	-0.0026	0.56	0.00032	-1.7e-05
-0.032	-0.06	0.00026	-0.1	0.026	-0.0021	0.0077	-0.088	-0.0026	0.56	-0.003	-2.7e-05
-0.04	-0.054	7.4e-05	-0.017	0.18	-0.0015	0.0041	-0.093	-0.0026	0.55	-0.0069	-2.8e-05
-0.039	-0.034	-2.3e-05	0.16	0.22	-0.00044	0.00016	-0.098	-0.0025	0.55	-0.011	-1.9e-05
-0.022	-0.012	-1.7e-05	0.12	0.19	0.00054	-0.0029	-0.1	-0.0026	0.55	-0.014	-3.6e-06
-0.01	0.0077	7.4e-05	0.26	0.19	0.0012	-0.0046	-0.1	-0.0025	0.54	-0.015	1.2e-05
0.015	0.026	0.00022	0.17	0.21	0.0018	-0.0043	-0.099	-0.0025	0.54	-0.015	2e-05
0.031	0.045	0.00042	0.18	0.18	0.0022	-0.002	-0.095	-0.0025	0.55	-0.014	2.1e-05
0.047	0.06	0.00067	0.04	0.11	0.0026	0.0019	-0.09	-0.0024	0.55	-0.012	1.7e-05
0.049	0.069	0.00093	0.072	0.1	0.0028	0.0067	-0.083	-0.0024	0.55	-0.0084	1.3e-05
0.054	0.076	0.0012	0.047	0.057	0.0027	0.012	-0.076	-0.0023	0.56	-0.0049	1.3e-05
0.057	0.079	0.0015	0.017	0.072	0.0025	0.017	-0.068	-0.0021	0.56	-0.0013	1.6e-05
0.057	0.084	0.0017	0.067	-0.021	0.0021	0.023	-0.06	-0.002	0.56	0.0022	2.1e-05
0.062	0.08	0.0019	-0.0046	-0.1	0.0015	0.029	-0.052	-0.0018	0.57	0.0058	2.8e-05
0.06	0.069	0.002	-0.041	-0.13	0.00057	0.035	-0.044	-0.0016	0.57	0.0093	3.6e-05
0.054	0.055	0.002	-0.13	-0.23	-0.00044	0.041	-0.038	-0.0014	0.57	0.012	4.3e-05
0.041	0.034	0.0019	-0.15	-0.19	-0.0016	0.046	-0.034	-0.0012	0.57	0.015	4.7e-05
0.025	0.016	0.0017	-0.21	-0.1	-0.0025	0.049	-0.031	-0.001	0.57	0.016	4.8e-05
0.0057	0.0082	0.0014	-0.21	-0.025	-0.0029	0.051	-0.03	-0.00086	0.56	0.017	4.4e-05
-0.014	0.0076	0.0011	-0.06	0.031	-0.0028	0.05	-0.029	-0.00073	0.56	0.016	3.8e-05
-0.019	0.012	0.00086	0.014	0.087	-0.0024	0.049	-0.028	-0.00063	0.56	0.014	3.3e-05
-0.017	0.021	0.00066	0.041	0.053	-0.0017	0.047	-0.027	-0.00056	0.56	0.013	3.1e-05
-0.012	0.027	0.00051	-0.082	0.12	-0.0011	0.045	-0.024	-0.0005	0.56	0.012	3.2e-05
-0.02	0.038	0.00043	-0.027	0.098	-0.00046	0.044	-0.021	-0.00045	0.56	0.011	3.3e-05
-0.022	0.047	0.00042	-0.043	0.16	0.00014	0.042	-0.017	-0.00041	0.56	0.01	3.3e-05
-0.025	0.061	0.00046	-0.0049	0.1	0.00077	0.039	-0.011	-0.00037	0.56	0.0091	3.2e-05
-0.025	0.069	0.00056	0.017	0.069	0.0012	0.037	-0.0048	-0.00032	0.56	0.0083	3.1e-05
-0.024	0.073	0.00069	0.025	-0.0077	0.0014	0.034	0.0023	-0.00026	0.57	0.0077	2.8e-05
-0.021	0.07	0.00083	0.051	-0.057	0.0013	0.032	0.0095	-0.00018	0.57	0.0074	2.5e-05
-0.016	0.062	0.00095	0.054	-0.19	0.00089	0.03	0.016	-9e-05	0.57	0.0075	2.1e-05
-0.011	0.043	0.00099	-0.0072	-0.13	5.8e-05	0.029	0.021	7.5e-06	0.58	0.0079	1.8e-05
-0.012	0.03	0.00096	-0.077	-0.11	-0.00067	0.028	0.025	0.00011	0.58	0.0085	1.7e-05
-0.02	0.019	0.00086	-0.12	-0.075	-0.0013	0.026	0.027	0.0002	0.58	0.0087	1.6e-05
-0.031	0.012	0.00071	0.05	-0.019	-0.0017	0.023	0.029	0.00028	0.58	0.0083	1.5e-05
-0.026	0.01	0.00055	0.12	0.016	-0.0017	0.021	0.03	0.00034	0.58	0.0078	1.3e-05
-0.013	-0.063	0.00024	0.073	-0.89	-0.0047	0.019	0.028	0.00038	0.57	0.0079	1.3e-05
-0.0067	-0.14	-0.00038	0.06	-0.75	-0.0075	0.018	0.018	0.00038	0.56	0.0085	1.7e-05
-0.0016	-0.21	-0.0012	0.14	-0.48	-0.0091	0.017	0.00015	0.0003	0.55	0.0094	2.3e-05
0.011	-0.24	-0.0021	0.028	-0.23	-0.0083	0.018	-0.022	0.00013	0.53	0.011	3e-05
0.013	-0.25	-0.0028	0.018	0.057	-0.0059	0.019	-0.047	-0.00012	0.52	0.013	3.5e-05
0.014	-0.24	-0.0033	0.13	0.27	-0.0028	0.02	-0.072	-0.00042	0.5	0.014	2.7e-05
0.025	-0.2	-0.0034	0.14	0.38	7.2e-05	0.022	-0.094	-0.00076	0.49	0.016	1.1e-05
0.037	-0.16	-0.0033	0.17	0.43	0.002	0.025	-0.11	-0.0011	0.48	0.019	-8.4e-06
0.052	-0.12	-0.003	0.1	0.43	0.0033	0.03	-0.13	-0.0014	0.47	0.023	-3.1e-05
0.06	-0.073	-0.0026	0.065	0.36	0.0043	0.035	-0.14	-0.0017	0.47	0.027	-5.5e-05
0.064	-0.038	-0.0022	0.018	0.36	0.0051	0.042	-0.14	-0.0019	0.47	0.031	-7.5e-05
0.064	-0.005	-0.0016	-0.15	0.35	0.0057	0.048	-0.14	-0.0021	0.47	0.035	-8.8e-05
0.048	0.026	-0.001	-0.25	0.25	0.0063	0.054	-0.14	-0.0023	0.48	0.039	-8.7e-05
0.024	0.046	-0.00039	-0.32	0.18	0.0063	0.057	-0.14	-0.0023	0.48	0.041	-7.4e-05
-0.0063	0.06	0.00023	-0.34	0.096	0.0059	0.058	-0.13	-0.0023	0.49	0.041	-5.1e-05
-0.038	0.066	0.00078	-0.25	0.053	0.005	0.056	-0.13	-0.0023	0.49	0.039	-2.7e-05
-0.06	0.069	0.0012	-0.11	-0.043	0.004	0.051	-0.12	-0.0022	0.5	0.036	-1.1e-05
-0.068	0.063	0.0016	0.00074	-0.066	0.0028	0.045	-0.11	-0.002	0.5	0.032	-7.3e-06
-0.066	0.055	0.0018	0.029	-0.11	0.0016	0.038	-0.11	-0.0019	0.5	0.028	-1.4e-05
-0.061	0.044	0.0019	0.049	-0.095	0.00031	0.032	-0.1	-0.0017	0.5	0.024	-2.3e-05
-0.055	0.036	0.0019	-0.03	-0.063	-0.0007	0.026	-0.099	-0.0015	0.5	0.022	-3.1e-05
-0.057	0.03	0.0018	0.071	0.047	-0.0014	0.02	-0.096	-0.0013	0.5	0.019	-3.4e-05
-0.049	0.036	0.0016	-0.01	0.097	-0.0015	0.015	-0.092	-0.0012	0.5	0.017	-3.3e-05
-0.05	0.046	0.0015	0.024	0.094	-0.0013	0.0098	-0.088	-0.001	0.5	0.016	-2.9e-05
-0.047	0.056	0.0013	-0.0045	0.11	-0.0011	0.005	-0.083	-0.00086	0.5	0.014	-2.5e-05
-0.047	0.066	0.0013	0.075	0.069	-0.00077	0.00032	-0.077	-0.00073	0.5	0.013	-2.1e-05
-0.039	0.072	0.0012	0.15	0.062	-0.00049	-0.004	-0.07	-0.0006	0.5	0.012	-1.8e-05
-0.025	0.077	0.0012	-0.014	0.082	-0.00023	-0.0072	-0.063	-0.00049	0.5	0.012	-1.6e-05
-0.027	0.084	0.0011	-0.019	-0.013	-2.2e-05	-0.0098	-0.054	-0.00037	0.5	0.012	-1.5e-05
-0.028	0.082	0.0011	-0.1	-0.0005	-1.5e-05	-0.013	-0.046	-0.00026	0.5	0.012	-1.4e-05
-0.037	0.08	0.0011	-0.0079	-0.025	-5.9e-05	-0.016	-0.038	-0.00014	0.5	0.011	-1.2e-05
-0.038	0.077	0.0011	-0.081	-0.057	-0.00021	-0.02	-0.03	-3.1e-05	0.51	0.01	-9.7e-06
-0.045	0.07	0.0011	-0.097	-0.12	-0.00049	-0.024	-0.023	8e-05	0.51	0.0085	-8.4e-06
-0.053	0.058	0.001	-0.058	-0.071	-0.00087	-0.029	-0.016	0.00019	0.51	0.0063	-8.1e-06
-0.057	0.051	0.00093	-0.21	-0.039	-0.0011	-0.034	-0.011	0.00028	0.51	0.0037	-9e-06
-0.075	0.047	0.00081	-0.14	-0.058	-0.0012	-0.041	-0.0061	0.00037	0.51	6.8e-05	-1e-05
-0.087	0.041	0.00069	-0.098	-0.067	-0.0013	-0.049	-0.0017	0.00045	0.51	-0.0045	-1.1e-05
-0.094	0.035	0.00056	0.13	-0.021	-0.0012	-0.058	0.0021	0.00051	0.51	-0.0097	-1.1e-05
-0.079	0.033	0.00045	0.045	-0.018	-0.00096	-0.067	0.0055	0.00056	0.51	-0.014	-1.1e-05
-0.073	0.031	0.00036	0.14	-0.019	-0.00079	-0.074	0.0087	0.0006	0.51	-0.019	-8.6e-06
-0.058	0.029	0.00029	0.28	-0.012	-0.00068	-0.081	0.012	0.00063	0.51	-0.022	-6.4e-06
-0.031	0.028	0.00022	0.3	0.031	-0.0006	-0.085	0.015	0.00066	0.51	-0.024	-4.5e-06
-0.0025	0.031	0.00017	0.3	-0.0084	-0.0005	-0.087	0.017	0.00068	0.51	-0.025	-3.9e-06
0.025	0.029	0.00012	0.36	0.03	-0.00047	-0.086	0.02	0.00069	0.51	-0.024	-4.4e-06
0.057	0.032	7.6e-05	0.32	-0.014	-0.00038	-0.082	0.024	0.0007	0.51	-0.021	-5.7e-06
0.084	0.029	4.1e-05	0.16	-0.041	-0.00031	-0.075	0.027	0.00071	0.51	-0.016	-7.3e-06
0.097	0.025	1.8e-05	0.13	-0.006	-0.00012	-0.066	0.029	0.00071	0.51	-0.011	-6.9e-06
0.11	0.024	1.8e-05	0.068	0.031	0.00011	-0.055	0.032	0.00071	0.52	-0.0049	-4.1e-06
0.11	0.026	4.2e-05	-0.11	0.0048	0.00033	-0.044	0.034	0.00071	0.52	0.00081	-6.1e-07
0.097	0.025	8.1e-05	-0.1	-0.052	0.00043	-0.034	0.037	0.00072	0.52	0.0057	3e-06
0.086	0.019	0.00012	-0.11	-0.051	0.00025	-0.025	0.039	0.00073	0.52	0.0094	7.5e-06
0.074	0.014	0.00013	-0.075	-0.093	-4.3e-05	-0.017	0.041	0.00074	0.52	0.012	1.2e-05
0.066	0.0045	0.0001	-0.039	-0.0055	-0.0004	-0.0097	0.042	0.00075	0.52	0.014	1.5e-05
0.062	0.0037	6e-05	-0.016	0.0077	-0.00049	-0.0032	0.042	0.00076	0.52	0.015	1.7e-05
0.06	0.0042	1.1e-05	0.015	-0.015	-0.0005	0.0029	0.042	0.00077	0.52	0.016	1.8e-05
0.061	0.0024	-4e-05	0.096	-0.001	-0.00049	0.009	0.043	0.00076	0.52	0.017	1.7e-05
0.069	0.002	-8.4e-05	0.01	-0.062	-0.00043	0.016	0.043	0.00076	0.52	0.019	1.6e-05
0.07	-0.0042	-0.00013	0.023	-0.078	-0.00051	0.022	0.043	0.00075	0.52	0.02	1.5e-05
0.071	-0.012	-0.00019	0.066	-0.094	-0.00061	0.03	0.042	0.00073	0.52	0.023	1.4e-05
0.076	-0.02	-0.00026	-0.072	-0.034	-0.00075	0.037	0.041	0.00071	0.52	0.025	1.4e-05
0.068	-0.023	-0.00033	-0.12	-0.0092	-0.00069	0.044	0.038	0.00068	0.52	0.028	1.4e-05
0.055	-0.024	-0.00039	-0.031	-0.0035	-0.00057	0.05	0.036	0.00064	0.52	0.03	1.3e-05
0.051	-0.024	-0.00044	-0.08	-0.024	-0.00045	0.056	0.034	0.0006	0.52	0.032	1.1e-05
0.043	-0.026	-0.00049	-0.088	0.034	-0.00036	0.06	0.031	0.00056	0.52	0.033	8.9e-06
0.034	-0.022	-0.00051	-0.19	0.054	-0.00014	0.064	0.029	0.00051	0.52	0.035	7.2e-06
0.016	-0.017	-0.00051	-0.072	-0.0099	7.3e-05	0.067	0.027	0.00045	0.52	0.035	6e-06
0.0095	-0.018	-0.0005	-0.082	0.045	0.00016	0.068	0.025	0.0004	0.52	0.035	5e-06
0.0019	-0.014	-0.00048	0.073	0.054	0.00035	0.069	0.024	0.00035	0.52	0.035	4.5e-06
0.0088	-0.0088	-0.00043	0.17	0.074	0.00056	0.069	0.022	0.00031	0.52	0.036	4.1e-06
0.024	-0.0023	-0.00036	0.11	0.017	0.00075	0.071	0.022	0.00027	0.52	0.037	3.1e-06
0.034	-0.0014	-0.00029	0.12	-0.065	0.00075	0.074	0.022	0.00024	0.52	0.039	1.3e-06
0.044	-0.0082	-0.00022	0.067	-0.054	0.00056	0.078	0.021	0.00021	0.52	0.042	6.9e-07
0.048	-0.014	-0.00017	0.094	-0.076	0.00037	0.082	0.02	0.00019	0.52	0.046	2.1e-06
0.055	-0.021	-0.00015	-0.0067	-0.03	0.00011	0.088	0.018	0.00018	0.52	0.05	4.9e-06
0.052	-0.023	-0.00014	0.0019	-0.05	-3.2e-06	0.093	0.016	0.00016	0.52	0.054	7.7e-06
0.051	-0.028	-0.00015	-0.041	-0.12	-0.00019	0.098	0.014	0.00015	0.52	0.059	9.1e-06
0.045	-0.038	-0.00019	-0.083	-0.083	-0.00053	0.1	0.01	0.00013	0.52	0.063	9.1e-06
0.035	-0.045	-0.00026	-0.14	-0.089	-0.00075	0.11	0.0061	0.00011	0.52	0.066	8.1e-06
0.021	-0.052	-0.00034	-0.29	-0.065	-0.00098	0.11	0.0012	7.8e-05	0.52	0.069	5e-06
-0.0075	-0.057	-0.00045	-0.32	-0.026	-0.0011	0.11	-0.0043	3.8e-05	0.51	0.07	-5.5e-07
-0.037	-0.057	-0.00057	-0.31	0.00023	-0.0012	0.11	-0.01	-1.2e-05	0.51	0.069	-8e-06
-0.065	-0.056	-0.00069	-0.25	0.048	-0.0011	0.1	-0.016	-7.5e-05	0.51	0.067	-1.4e-05
-0.086	-0.049	-0.00078	-0.19	0.062	-0.00074	0.095	-0.021	-0.00015	0.5	0.064	-1.7e-05
-0.1	-0.042	-0.00083	-0.2	0.078	-0.00027	0.086	-0.026	-0.00023	0.5	0.059	-1.4e-05
-0.12	-0.034	-0.00083	-0.024	0.1	0.00021	0.075	-0.029	-0.00031	0.5	0.054	-7.9e-06
-0.12	-0.023	-0.00078	-0.028	0.082	0.0008	0.063	-0.032	-0.00039	0.5	0.049	1.4e-07
-0.12	-0.015	-0.00068	-0.019	0.039	0.0012	0.051	-0.034	-0.00047	0.5	0.044	7.9e-06
-0.12	-0.011	-0.00056	0.024	0.08	0.0013	0.039	-0.036	-0.00053	0.5	0.039	1.3e-05
-0.11	-0.0038	-0.00041	0.04	0.0042	0.0014	0.027	-0.036	-0.00058	0.5	0.035	1.5e-05
-0.11	-0.0036	-0.00028	0.04	0.057	0.0013	0.016	-0.037	-0.00061	0.5	0.031	1.5e-05
-0.1	0.0017	-0.00015	0.053	0.055	0.0013	0.0058	-0.037	-0.00063	0.5	0.028	1.3e-05
-0.097	0.0066	-2.7e-05	0.087	0.043	0.0012	-0.0042	-0.036	-0.00064	0.5	0.025	1.1e-05
-0.088	0.01	8.3e-05	0.18	0.072	0.0011	-0.013	-0.035	-0.00064	0.5	0.023	8.5e-06
-0.07	0.017	0.00019	0.21	0.048	0.001	-0.021	-0.034	-0.00063	0.5	0.022	6e-06
-0.051	0.021	0.00028	0.17	0.062	0.00092	-0.027	-0.032	-0.0006	0.5	0.021	3.4e-06
-0.034	0.026	0.00037	0.32	0.081	0.00089	-0.032	-0.03	-0.00057	0.51	0.022	1.1e-06
-0.005	0.033	0.00046	0.26	0.063	0.00086	-0.034	-0.027	-0.00053	0.51	0.024	-1.3e-06
0.018	0.039	0.00055	0.2	0.0097	0.00083	-0.033	-0.023	-0.00048	0.51	0.027	-3.8e-06
0.035	0.039	0.00062	0.1	0.022	0.00076	-0.03	-0.019	-0.00042	0.51	0.031	-4.8e-06
0.043	0.04	0.0007	0.083	0.055	0.00075	-0.026	-0.015	-0.00035	0.51	0.035	-3.3e-06
0.049	0.044	0.00078	0.15	0.041	0.00076	-0.022	-0.011	-0.00028	0.51	0.039	-9.9e-08
0.061	0.047	0.00085	0.21	-0.012	0.00065	-0.016	-0.0066	-0.0002	0.52	0.043	3.5e-06
0.078	0.044	0.0009	0.018	-0.019	0.00041	-0.0092	-0.002	-0.00011	0.52	0.048	7.2e-06
0.077	0.041	0.00093	-0.11	0.0054	0.00023	-0.0014	0.0023	-2e-05	0.52	0.053	1.1e-05
0.065	0.041	0.00095	-0.18	0.08	0.00011	0.0057	0.0064	7.4e-05	0.52	0.057	1.6e-05
0.048	0.047	0.00096	-0.14	-0.0087	1.9e-05	0.011	0.011	0.00017	0.52	0.059	2.1e-05
0.033	0.045	0.00095	-0.21	-0.0061	-0.00027	0.015	0.015	0.00027	0.52	0.061	2.4e-05
0.014	0.043	0.0009	-0.1	-0.057	-0.00055	0.018	0.02	0.00036	0.53	0.061	2.7e-05
0.0047	0.037	0.00084	-0.16	-0.018	-0.00081	0.019	0.024	0.00045	0.53	0.06	2.8e-05
-0.0098	0.034	0.00075	-0.2	-0.061	-0.00099	0.018	0.028	0.00052	0.53	0.058	2.7e-05
-0.027	0.028	0.00064	-0.18	-0.13	-0.0013	0.017	0.031	0.00059	0.53	0.056	2.4e-05
-0.043	0.015	0.00049	-0.068	-0.039	-0.0015	0.013	0.033	0.00065	0.53	0.052	2e-05
-0.047	0.011	0.00034	-0.11	-0.043	-0.0015	0.0084	0.034	0.00069	0.53	0.049	1.5e-05
-0.056	0.0074	0.0002	-0.12	0.017	-0.0014	0.0032	0.035	0.00072	0.53	0.045	1.2e-05
-0.065	0.009	6.9e-05	-0.06	0.0096	-0.0012	-0.0028	0.036	0.00073	0.53	0.04	9.9e-06
-0.069	0.0098	-3.5e-05	-0.14	0.033	-0.00089	-0.0096	0.037	0.00073	0.53	0.036	9.8e-06
-0.08	0.013	-0.00011	-0.089	0.0088	-0.0006	-0.017	0.038	0.00073	0.53	0.032	1.1e-05
-0.086	0.013	-0.00016	0.018	-0.021	-0.00038	-0.025	0.039	0.00071	0.53	0.027	1.2e-05
-0.082	0.01	-0.00019	0.081	0.03	-0.00017	-0.034	0.04	0.0007	0.53	0.022	1.2e-05
-0.073	0.013	-0.00019	0.13	0.0013	7.5e-05	-0.042	0.042	0.00068	0.53	0.019	1e-05
-0.059	0.012	-0.00018	0.09	-0.02	0.00016	-0.048	0.043	0.00066	0.53	0.016	7.6e-06
-0.05	0.0094	-0.00016	0.21	-0.11	9.6e-05	-0.054	0.044	0.00064	0.54	0.013	4.8e-06
-0.03	-0.0018	-0.00017	0.25	-0.088	-0.00022	-0.058	0.044	0.00063	0.54	0.012	2.6e-06
-0.0068	-0.01	-0.0002	0.11	-0.14	-0.00052	-0.059	0.044	0.00061	0.54	0.012	1.4e-06
0.0031	-0.024	-0.00028	0.19	-0.12	-0.0009	-0.06	0.042	0.00058	0.54	0.013	1.9e-06
0.02	-0.035	-0.00038	0.12	-0.09	-0.0012	-0.058	0.039	0.00055	0.53	0.015	3.9e-06
0.03	-0.042	-0.0005	0.064	-0.099	-0.0013	-0.056	0.035	0.00051	0.53	0.017	6e-06
0.035	-0.05	-0.00063	0.07	-0.036	-0.0013	-0.053	0.031	0.00045	0.53	0.019	6.7e-06
0.041	-0.052	-0.00075	0.038	-0.0045	-0.001	-0.049	0.025	0.00038	0.53	0.022	5.5e-06
0.043	-0.051	-0.00084	-0.05	0.019	-0.00074	-0.045	0.02	0.0003	0.53	0.024	2.3e-06
0.038	-0.048	-0.0009	-0.13	0.01	-0.00039	-0.04	0.015	0.00021	0.52	0.026	-2.1e-06
0.025	-0.046	-0.00092	-0.2	0.1	-0.00011	-0.037	0.011	0.00012	0.52	0.027	-6.8e-06
0.0059	-0.035	-0.00091	-0.14	0.11	0.00032	-0.036	0.0067	3.1e-05	0.52	0.026	-1e-05
-0.0065	-0.024	-0.00086	-0.1	0.026	0.00072	-0.036	0.0037	-5.8e-05	0.52	0.025	-1.1e-05
-0.015	-0.021	-0.00078	-0.12	0.13	0.00094	-0.037	0.0015	-0.00014	0.52	0.023	-9.9e-06
-0.025	-0.0097	-0.00066	0.024	0.092	0.0013	-0.039	-6.7e-05	-0.00021	0.52	0.02	-8e-06
-0.021	-0.0017	-0.00052	-0.097	0.066	0.0016	-0.041	-0.00062	-0.00027	0.52	0.017	-5.9e-06
-0.029	0.0036	-0.00035	-0.066	0.045	0.0017	-0.044	-0.00051	-0.00032	0.52	0.014	-5.1e-06
-0.033	-0.5	-0.0012	-0.001	-6.1	-0.03	-0.047	-0.019	-0.00036	0.51	0.01	-1.7e-05
-0.024	-0.99	-0.0067	0.024	-4	-0.076	-0.05	-0.096	-0.00072	0.45	0.0077	-7.7e-05
-0.021	-1.3	-0.015	0.2	-2.6	-0.08	-0.052	-0.21	-0.0018	0.37	0.0054	-0.00013
2.9e-05	-1.5	-0.021	0.25	-0.95	-0.027	-0.053	-0.35	-0.0036	0.27	0.004	-7.7e-05
0.023	-1.5	-0.02	0.2	0.15	0.051	-0.052	-0.51	-0.0057	0.17	0.004	0.00011
0.041	-1.5	-0.011	0.058	0.82	0.11	-0.049	-0.66	-0.0073	0.078	0.0053	0.00032
0.045	-1.4	0.00062	-0.028	1.3	0.12	-0.044	-0.8	-0.0078	-0.0058	0.0073	0.00042
0.041	-1.2	0.013	-0.0034	1.6	0.11	-0.04	-0.93	-0.0072	-0.076	0.0091	0.00037
0.038	-1	0.022	-0.094	2	0.079	-0.036	-1	-0.0054	-0.13	0.011	0.00023
0.028	-0.84	0.028	-0.12	2.1	0.046	-0.033	-1.1	-0.0029	-0.17	0.012	7.8e-05
0.0079	-0.63	0.032	-0.25	1.7	0.018	-0.031	-1.2	0.00014	-0.19	0.012	-2.4e-05
-0.011	-0.47	0.032	-0.27	1.5	-0.016	-0.031	-1.3	0.0033	-0.21	0.0099	-4.1e-05
-0.035	-0.33	0.029	-0.2	1.4	-0.036	-0.033	-1.3	0.0064	-0.22	0.0069	-3.8e-05
-0.053	-0.19	0.025	-0.12	1.3	-0.046	-0.038	-1.3	0.0092	-0.22	0.0026	-1.2e-05
-0.064	-0.068	0.02	-0.17	1	-0.051	-0.044	-1.3	0.011	-0.22	-0.0024	1.1e-05
-0.078	0.026	0.015	-0.045	0.74	-0.049	-0.051	-1.3	0.013	-0.21	-0.0081	1.9e-05
-0.08	0.091	0.011	-0.013	0.43	-0.044	-0.059	-1.3	0.014	-0.21	-0.014	-1.9e-06
-0.079	0.13	0.0065	-0.081	0.22	-0.038	-0.067	-1.3	0.015	-0.21	-0.02	-5e-05
-0.084	0.15	0.003	-0.0073	0.23	-0.032	-0.075	-1.3	0.016	-0.21	-0.025	-0.00011
-0.082	0.17	0.00012	0.18	0.22	-0.026	-0.083	-1.3	0.016	-0.22	-0.031	-0.00017
-0.064	0.2	-0.0023	0.092	0.41	-0.022	-0.091	-1.3	0.016	-0.22	-0.035	-0.00021
-0.054	0.24	-0.0042	0.068	0.42	-0.017	-0.097	-1.3	0.015	-0.23	-0.039	-0.00021
-0.047	0.28	-0.0056	-0.054	0.47	-0.013	-0.1	-1.2	0.015	-0.25	-0.042	-0.0002
-0.052	0.33	-0.0067	0.083	0.39	-0.009	-0.11	-1.2	0.014	-0.25	-0.045	-0.00019
-0.043	0.37	-0.0075	0.14	0.48	-0.0069	-0.11	-1.2	0.014	-0.26	-0.048	-0.00017
-0.03	0.41	-0.0081	0.19	0.57	-0.0054	-0.11	-1.1	0.013	-0.27	-0.05	-0.00015
-0.012	0.46	-0.0086	0.15	0.57	-0.0043	-0.12	-1.1	0.012	-0.27	-0.052	-0.00013
0.0011	0.52	-0.0089	0.054	0.52	-0.0036	-0.12	-1	0.011	-0.27	-0.052	-0.00011
0.0056	0.56	-0.0093	-0.034	0.26	-0.0023	-0.12	-0.99	0.01	-0.27	-0.053	-0.00011
0.0025	0.58	-0.0095	0.026	0.16	-0.0014	-0.12	-0.93	0.0093	-0.27	-0.053	-0.0001
0.0051	0.59	-0.0095	-0.038	0.15	-0.00039	-0.12	-0.87	0.0084	-0.27	-0.054	-9.5e-05
0.002	0.61	-0.0095	-0.075	-0.15	0.0015	-0.12	-0.81	0.0074	-0.26	-0.055	-8.8e-05
-0.0038	0.59	-0.0093	-0.16	-0.27	0.0029	-0.12	-0.75	0.0065	-0.26	-0.057	-8.2e-05
-0.017	0.56	-0.009	-0.14	-0.33	0.0037	-0.12	-0.69	0.0056	-0.25	-0.06	-7.8e-05
-0.028	0.53	-0.0086	-0.14	-0.39	0.0043	-0.12	-0.64	0.0047	-0.25	-0.063	-7.8e-05
-0.039	0.5	-0.0081	-0.027	-0.32	0.0048	-0.12	-0.59	0.0038	-0.25	-0.067	-8.2e-05
-0.039	0.47	-0.0076	0.068	0.045	0.0043	-0.13	-0.54	0.0031	-0.26	-0.072	-8.7e-05
-0.031	0.47	-0.0072	-0.019	-0.0087	0.0051	-0.13	-0.49	0.0023	-0.26	-0.077	-8.2e-05
-0.031	0.47	-0.0067	-0.087	-0.077	0.0052	-0.13	-0.44	0.0016	-0.26	-0.081	-6.4e-05
-0.036	0.47	-0.0062	0.15	-0.086	0.0046	-0.14	-0.4	0.00098	-0.26	-0.085	-4.4e-05
-0.021	0.46	-0.0057	0.23	-0.22	0.0044	-0.14	-0.35	0.00038	-0.26	-0.089	-2.7e-05
0.0014	0.44	-0.0053	0.28	-0.25	0.0041	-0.14	-0.3	-0.00017	-0.26	-0.092	-1.5e-05
0.027	0.42	-0.0049	0.16	-0.25	0.0037	-0.14	-0.26	-0.00068	-0.25	-0.093	-1.2e-05
0.042	0.4	-0.0046	0.085	-0.33	0.0035	-0.14	-0.22	-0.0012	-0.25	-0.093	-1.1e-05
0.12	0.82	-0.0047	1.3	7.7	-0.019	-0.13	-0.17	-0.0016	-0.24	-0.091	-3.1e-05
0.24	1.5	-0.011	1	6.5	-0.11	-0.11	-0.052	-0.0023	-0.17	-0.082	-0.00048
0.33	2.1	-0.024	0.85	4.9	-0.14	-0.083	0.13	-0.004	-0.066	-0.067	-0.0016
0.39	2.5	-0.035	0.35	3.2	-0.061	-0.046	0.36	-0.007	0.074	-0.048	-0.0029
0.41	2.7	-0.033	-0.067	1.4	0.11	-0.006	0.63	-0.011	0.23	-0.026	-0.0034
0.39	2.8	-0.015	-0.15	-0.3	0.26	0.034	0.91	-0.013	0.4	-0.005	-0.0023
0.37	2.7	0.015	-0.11	-2	0.32	0.073	1.2	-0.013	0.55	0.015	-2.7e-05
0.36	2.4	0.048	-0.24	-3.6	0.3	0.11	1.4	-0.01	0.69	0.032	0.0027
0.33	2	0.072	-0.37	-5	0.17	0.14	1.7	-0.004	0.79	0.048	0.0052
0.3	1.4	0.082	-0.37	-6.2	0.055	0.18	1.8	0.0038	0.86	0.062	0.0069
0.26	0.76	0.082	-0.33	-6.5	-0.048	0.2	1.9	0.012	0.89	0.073	0.0079
0.22	0.13	0.073	-0.44	-5.8	-0.14	0.23	2	0.02	0.87	0.082	0.0084
0.18	-0.38	0.055	-0.5	-4.4	-0.2	0.25	2	0.026	0.83	0.088	0.0082
0.13	-0.73	0.035	-0.59	-2.7	-0.2	0.26	1.9	0.031	0.75	0.091	0.0077
0.073	-0.92	0.017	-0.55	-1.1	-0.16	0.27	1.8	0.033	0.67	0.092	0.0069
0.022	-0.97	0.0044	-0.56	0.18	-0.089	0.28	1.7	0.034	0.6	0.089	0.0062
-0.029	-0.9	-0.0017	-0.27	0.98	-0.037	0.28	1.6	0.035	0.54	0.085	0.0056
-0.052	-0.78	-0.0043	-0.21	1.3	-0.018	0.27	1.5	0.034	0.49	0.08	0.0052
-0.07	-0.64	-0.0062	-0.11	1.4	-0.023	0.27	1.5	0.034	0.48	0.075	0.005
-0.078	-0.51	-0.009	-0.015	1.2	-0.033	0.26	1.4	0.033	0.48	0.071	0.0049
-0.077	-0.4	-0.013	0.062	1	-0.035	0.25	1.4	0.032	0.49	0.068	0.0048
-0.071	-0.32	-0.016	0.079	0.57	-0.025	0.24	1.3	0.03	0.52	0.066	0.0045
-0.063	-0.28	-0.017	0.14	0.13	-0.0094	0.24	1.3	0.029	0.55	0.066	0.0042
-0.051	-0.29	-0.018	0.17	-0.32	0.0055	0.23	1.3	0.027	0.59	0.068	0.0038
-0.036	-0.35	-0.017	0.11	-0.76	0.014	0.23	1.3	0.025	0.62	0.071	0.0035
-0.028	-0.44	-0.015	0.06	-1.1	0.013	0.22	1.2	0.024	0.65	0.075	0.0032
-0.025	-0.56	-0.014	-0.044	-1.3	0.0046	0.22	1.2	0.022	0.66	0.081	0.003
-0.032	-0.69	-0.014	-0.11	-1.3	-0.0072	0.22	1.1	0.021	0.67	0.086	0.0029
-0.045	-0.81	-0.016	-0.09	-1.1	-0.018	0.22	1	0.019	0.66	0.09	0.0028
-0.055	-0.9	-0.018	-0.22	-0.69	-0.025	0.21	0.94	0.018	0.65	0.094	0.0026
-0.078	-0.95	-0.02	-0.25	-0.3	-0.024	0.2	0.85	0.016	0.62	0.096	0.0024
-0.1	-0.96	-0.023	-0.25	0.014	-0.019	0.19	0.75	0.014	0.6	0.097	0.0022
-0.12	-0.94	-0.024	-0.24	0.34	-0.012	0.18	0.66	0.011	0.58	0.096	0.002
-0.15	-0.9	-0.025	-0.21	0.51	-0.0043	0.17	0.56	0.0088	0.55	0.093	0.0018
-0.16	-0.84	-0.025	-0.26	0.71	0.0017	0.15	0.48	0.0063	0.54	0.089	0.0017
-0.19	-0.76	-0.025	-0.22	0.87	0.0062	0.14	0.4	0.0038	0.53	0.084	0.0016
-0.2	-0.67	-0.024	-0.013	0.93	0.0098	0.12	0.32	0.0014	0.52	0.078	0.0015
-0.2	-0.58	-0.023	0.07	0.88	0.013	0.096	0.26	-0.00092	0.52	0.071	0.0014
-0.19	-0.5	-0.021	0.15	0.73	0.016	0.077	0.21	-0.0031	0.52	0.065	0.0014
-0.18	-0.43	-0.019	0.18	0.56	0.019	0.058	0.16	-0.0052	0.52	0.06	0.0013
-0.16	-0.38	-0.018	0.29	0.42	0.02	0.041	0.12	-0.007	0.53	0.056	0.0012
-0.13	-0.35	-0.015	0.22	0.32	0.021	0.027	0.085	-0.0087	0.54	0.054	0.0011
-0.11	-0.32	-0.013	0.1	0.25	0.02	0.015	0.052	-0.01	0.54	0.053	0.00096
-0.1	-0.3	-0.011	0.092	0.17	0.019	0.0046	0.021	-0.011	0.55	0.053	0.00086
-0.091	-0.28	-0.0097	0.16	0.15	0.016	-0.005	-0.0085	-0.012	0.55	0.053	0.00078
-0.076	-0.27	-0.0082	0.12	0.17	0.014	-0.013	-0.036	-0.013	0.55	0.053	0.00071
-0.065	-0.25	-0.0069	0.15	0.19	0.012	-0.02	-0.062	-0.014	0.55	0.054	0.00065
-0.052	-0.23	-0.0057	0.15	0.2	0.011	-0.026	-0.087	-0.015	0.55	0.055	0.0006
-0.039	-0.21	-0.0047	0.15	0.24	0.0093	-0.031	-0.11	-0.015	0.54	0.056	0.00056
-0.025	-0.19	-0.0038	0.26	0.24	0.0085	-0.034	-0.13	-0.016	0.54	0.057	0.00051
-0.0016	-0.16	-0.003	0.16	0.42	0.008	-0.035	-0.15	-0.016	0.54	0.059	0.00047
0.012	-0.12	-0.0022	-0.081	0.41	0.0081	-0.035	-0.16	-0.016	0.54	0.062	0.00044
0.0034	-0.081	-0.0014	0.075	0.38	0.0081	-0.034	-0.17	-0.016	0.53	0.064	0.0004
0.0096	-0.045	-0.00059	0.015	0.3	0.0081	-0.033	-0.18	-0.017	0.53	0.066	0.00036
0.01	-0.017	0.0002	-0.14	0.32	0.0078	-0.032	-0.18	-0.017	0.54	0.067	0.00033
-0.0032	0.012	0.00097	-0.19	0.32	0.0075	-0.032	-0.18	-0.016	0.54	0.068	0.0003
-0.021	0.041	0.0017	-0.2	0.24	0.0071	-0.033	-0.18	-0.016	0.54	0.067	0.00028
-0.039	0.061	0.0024	-0.11	0.15	0.0065	-0.036	-0.17	-0.016	0.55	0.065	0.00027
-0.048	0.073	0.003	0.0019	0.069	0.0057	-0.04	-0.17	-0.016	0.55	0.062	0.00025
-0.046	0.077	0.0035	0.024	-0.0059	0.0048	-0.045	-0.16	-0.016	0.55	0.058	0.00023
-0.042	0.075	0.004	0.12	-0.072	0.0036	-0.049	-0.15	-0.015	0.56	0.055	0.00021
-0.029	0.068	0.0043	0.14	-0.11	0.0023	-0.053	-0.14	-0.015	0.56	0.052	0.00018
-0.015	0.057	0.0044	0.086	-0.042	0.00093	-0.055	-0.14	-0.014	0.56	0.05	0.00016
-0.0066	0.054	0.0045	0.043	0.0059	-4.2e-05	-0.056	-0.13	-0.014	0.56	0.049	0.00014
-0.0023	0.055	0.0044	0.15	0.038	-0.00063	-0.057	-0.13	-0.013	0.55	0.048	0.00013
0.011	0.06	0.0043	0.066	-0.0022	-0.00093	-0.056	-0.12	-0.013	0.55	0.048	0.00012
0.017	0.06	0.0042	0.036	0.01	-0.0011	-0.055	-0.11	-0.013	0.55	0.049	0.00011
0.02	0.062	0.0041	-0.024	0.0073	-0.0012	-0.053	-0.11	-0.012	0.55	0.049	0.0001
0.018	0.063	0.004	-0.11	0.11	-0.0011	-0.051	-0.1	-0.012	0.55	0.05	9.2e-05
0.0076	0.074	0.0039	-0.12	0.16	-0.00075	-0.05	-0.095	-0.011	0.55	0.05	8.4e-05
-0.0029	0.089	0.0039	-0.023	0.093	-0.00036	-0.05	-0.087	-0.011	0.55	0.049	7.8e-05
-0.0044	0.097	0.0038	0.017	0.12	-1.8e-05	-0.05	-0.078	-0.011	0.55	0.047	7.3e-05
-0.0022	0.11	0.0039	-0.02	0.069	0.00032	-0.05	-0.067	-0.01	0.55	0.046	6.9e-05
-0.0035	0.11	0.0039	-0.052	0.037	0.00048	-0.051	-0.056	-0.0098	0.56	0.045	6.4e-05
-0.0076	0.11	0.0039	-0.016	-0.11	0.00041	-0.051	-0.045	-0.0094	0.56	0.043	5.8e-05
-0.0083	0.1	0.004	0.028	-0.18	-6.4e-05	-0.052	-0.034	-0.009	0.56	0.041	5.2e-05
-0.005	0.083	0.0039	0.032	-0.21	-0.00081	-0.053	-0.025	-0.0086	0.57	0.04	4.5e-05
-0.0013	0.062	0.0038	-0.019	-0.16	-0.0017	-0.053	-0.018	-0.0082	0.57	0.038	3.8e-05
-0.0025	0.047	0.0036	-0.0017	-0.13	-0.0024	-0.053	-0.013	-0.0079	0.57	0.037	3.1e-05
-0.0021	0.035	0.0033	-0.089	-0.15	-0.0029	-0.053	-0.0085	-0.0075	0.56	0.036	2.6e-05
-0.0097	0.022	0.003	-0.0081	-0.096	-0.0032	-0.054	-0.0056	-0.0072	0.56	0.034	2.2e-05
-0.0096	0.014	0.0027	-0.062	-0.059	-0.0032	-0.055	-0.0038	-0.0069	0.56	0.032	2e-05
-0.015	0.01	0.0024	-0.057	0.041	-0.0029	-0.056	-0.0026	-0.0067	0.56	0.03	1.8e-05
-0.019	0.015	0.0021	0.027	0.062	-0.0024	-0.058	-0.0014	-0.0064	0.56	0.028	1.8e-05
-0.015	0.022	0.0019	-0.0084	-0.01	-0.0017	-0.06	0.00046	-0.0062	0.56	0.026	2e-05
-0.015	0.021	0.0018	0.05	-0.12	-0.0014	-0.061	0.0026	-0.0061	0.56	0.024	2.2e-05
-0.0096	0.0099	0.0016	0.14	-0.094	-0.0013	-0.062	0.0041	-0.0059	0.55	0.022	2.3e-05
0.0044	0.0015	0.0015	0.086	-0.011	-0.0012	-0.063	0.0047	-0.0057	0.55	0.021	2.3e-05
0.013	0.001	0.0014	0.01	-0.028	-0.00096	-0.062	0.0048	-0.0056	0.55	0.021	2.2e-05
0.014	-0.0012	0.0013	0.12	-0.017	-0.00081	-0.06	0.0048	-0.0055	0.55	0.021	2.1e-05
0.025	-0.0024	0.0012	0.14	-0.099	-0.00069	-0.059	0.0046	-0.0053	0.55	0.021	2e-05
0.038	-0.011	0.0012	0.059	-0.06	-0.00078	-0.055	0.0039	-0.0052	0.55	0.022	1.9e-05
0.043	-0.016	0.0011	0.13	-0.062	-0.00077	-0.051	0.0025	-0.0051	0.55	0.023	1.8e-05
0.054	-0.021	0.001	0.021	-0.047	-0.00079	-0.047	0.00063	-0.005	0.55	0.025	1.7e-05
0.055	-0.025	0.00093	0.053	-0.04	-0.00074	-0.041	-0.0017	-0.0049	0.55	0.027	1.6e-05
0.059	-0.028	0.00086	0.059	0.075	-0.00063	-0.035	-0.0043	-0.0048	0.54	0.029	1.5e-05
0.063	-0.019	0.00082	0.046	0.11	-0.00023	-0.029	-0.0067	-0.0047	0.54	0.031	1.2e-05
0.066	-0.0086	0.00082	0.053	0.075	0.0002	-0.023	-0.0081	-0.0046	0.54	0.034	8.7e-06
0.07	-0.0015	0.00086	0.053	0.014	0.00051	-0.016	-0.0086	-0.0046	0.54	0.036	4.9e-06
0.074	-0.00041	0.00091	0.021	-0.048	0.00061	-0.0087	-0.0087	-0.0045	0.54	0.039	1.9e-06
0.075	-0.0052	0.00097	0.043	-0.062	0.00049	-0.0013	-0.009	-0.0044	0.54	0.042	5.7e-07
0.077	-0.011	0.001	-0.061	-0.084	0.00024	0.0063	-0.0098	-0.0043	0.54	0.045	9.9e-07
0.07	-0.019	0.001	-0.036	-0.034	-7.4e-05	0.014	-0.011	-0.0042	0.54	0.047	2.2e-06
0.066	-0.021	0.001	-0.095	-0.05	-0.00028	0.021	-0.013	-0.0041	0.54	0.049	3.2e-06
0.056	-0.025	0.00096	-0.029	-0.088	-0.00054	0.027	-0.016	-0.004	0.54	0.051	3.2e-06
0.053	-0.033	0.00089	0.049	-0.079	-0.00082	0.032	-0.019	-0.0039	0.54	0.053	2.3e-06
0.056	-0.039	0.0008	0.008	-0.058	-0.001	0.038	-0.022	-0.0038	0.54	0.055	1.6e-06
0.056	-0.043	0.00069	0.029	-0.012	-0.001	0.043	-0.026	-0.0037	0.53	0.057	1.4e-06
0.058	-0.042	0.00059	-0.15	0.026	-0.00091	0.049	-0.031	-0.0037	0.53	0.059	1.1e-06
0.043	-0.038	0.00051	-0.18	0.077	-0.00065	0.054	-0.035	-0.0036	0.53	0.061	-2.3e-07
0.026	-0.029	0.00047	-0.072	0.043	-0.0003	0.057	-0.038	-0.0036	0.53	0.062	-3e-06
0.019	-0.024	0.00045	-0.048	0.039	-5.5e-05	0.06	-0.041	-0.0035	0.52	0.062	-5.8e-06
0.014	-0.02	0.00045	-0.024	0.055	0.00016	0.061	-0.043	-0.0035	0.52	0.062	-7.2e-06
0.012	-0.014	0.00048	0.019	0.098	0.0004	0.062	-0.045	-0.0034	0.52	0.063	-7.4e-06
0.013	-0.0044	0.00054	0.08	0.048	0.00068	0.064	-0.046	-0.0034	0.52	0.063	-7.1e-06
0.02	0.00024	0.00061	0.029	0.088	0.00084	0.065	-0.046	-0.0033	0.52	0.064	-6.9e-06
0.022	0.0084	0.00071	-0.093	0.06	0.001	0.067	-0.045	-0.0032	0.52	0.066	-6.7e-06
0.013	0.014	0.00081	-0.16	0.048	0.001	0.069	-0.044	-0.0032	0.52	0.067	-6.5e-06
-0.0029	0.018	0.00091	-0.14	0.062	0.00098	0.07	-0.043	-0.0031	0.52	0.068	-5.4e-06
-0.017	0.023	0.001	-0.031	0.067	0.0009	0.069	-0.041	-0.003	0.53	0.068	-3.7e-06
-0.019	0.028	0.0011	-0.12	0.13	0.00088	0.067	-0.038	-0.0029	0.53	0.068	-2e-06
-0.03	0.04	0.0012	-0.11	0.071	0.00091	0.064	-0.035	-0.0028	0.53	0.067	-5.9e-07
-0.039	0.045	0.0013	-0.067	-0.0036	0.00081	0.061	-0.03	-0.0026	0.53	0.066	8.4e-07
-0.045	0.044	0.0013	-0.051	-0.062	0.00055	0.057	-0.026	-0.0025	0.53	0.065	1.5e-06
-0.049	0.037	0.0014	-0.082	-0.092	0.00012	0.052	-0.022	-0.0024	0.53	0.063	6.9e-07
-0.056	0.027	0.0014	-0.14	0.03	-0.00034	0.047	-0.019	-0.0022	0.53	0.061	-1.3e-06
-0.068	0.03	0.0013	-0.19	0.064	-0.00051	0.04	-0.016	-0.0021	0.53	0.059	-3.6e-06
-0.085	0.036	0.0013	-0.094	0.011	-0.00059	0.033	-0.012	-0.002	0.54	0.056	-4.6e-06
-0.092	0.036	0.0012	-0.047	-0.02	-0.00063	0.024	-0.0088	-0.0019	0.54	0.052	-4.3e-06
-0.095	0.034	0.0011	0.047	-0.051	-0.00066	0.015	-0.0053	-0.0017	0.54	0.048	-4.1e-06
-0.089	0.029	0.0011	0.11	-0.048	-0.00072	0.0053	-0.0022	-0.0016	0.54	0.045	-4.8e-06
-0.076	0.024	0.00099	0.12	-0.096	-0.00082	-0.0029	0.00045	-0.0015	0.54	0.042	-5.9e-06
-0.064	0.015	0.0009	0.14	-0.09	-0.001	-0.01	0.0024	-0.0014	0.54	0.04	-6.4e-06
-0.11	-0.59	-0.00077	-0.23	-6.3	-0.043	-0.018	-0.023	-0.0014	0.51	0.037	-2.6e-05
-0.083	-1.1	-0.0078	0.31	-3.9	-0.091	-0.028	-0.11	-0.0018	0.45	0.033	-0.00014
-0.051	-1.4	-0.017	0.37	-2.1	-0.078	-0.035	-0.23	-0.003	0.36	0.032	-0.00014
-0.015	-1.5	-0.022	0.41	-0.51	-0.0062	-0.038	-0.38	-0.005	0.26	0.032	6.9e-05
0.02	-1.5	-0.018	0.42	0.63	0.078	-0.038	-0.54	-0.0071	0.15	0.034	0.00038
0.054	-1.4	-0.0074	0.15	1.4	0.13	-0.034	-0.69	-0.0084	0.062	0.038	0.00062
0.062	-1.3	0.0057	-0.029	1.8	0.13	-0.028	-0.82	-0.0085	-0.016	0.043	0.00064
0.053	-1.1	0.017	-0.25	1.9	0.1	-0.022	-0.94	-0.0073	-0.077	0.048	0.0004
0.025	-0.88	0.025	-0.33	2	0.059	-0.018	-1	-0.0051	-0.12	0.051	4.4e-05
-0.015	-0.72	0.029	-0.44	0.61	0.027	-0.018	-1.1	-0.0024	-0.15	0.051	-0.00027
-0.054	-0.65	0.03	-0.31	0.92	-0.0074	-0.021	-1.2	0.00063	-0.17	0.049	-0.00047
-0.086	-0.56	0.028	-0.26	0.97	-0.03	-0.028	-1.2	0.0036	-0.2	0.044	-0.00057
-0.11	-0.46	0.025	-0.32	0.86	-0.042	-0.038	-1.3	0.0062	-0.21	0.037	-0.00058
-0.14	-0.38	0.02	-0.17	0.73	-0.046	-0.05	-1.3	0.0085	-0.23	0.029	-0.00054
-0.15	-0.3	0.016	-0.097	0.82	-0.044	-0.065	-1.4	0.01	-0.24	0.019	-0.00048
-0.16	-0.22	0.011	-0.032	0.8	-0.039	-0.08	-1.4	0.012	-0.25	0.0089	-0.00043
-0.16	-0.14	0.0077	0.2	0.9	-0.034	-0.095	-1.4	0.013	-0.27	-0.00094	-0.00038
-0.14	-0.058	0.0046	0.23	0.92	-0.029	-0.11	-1.4	0.013	-0.28	-0.0098	-0.00033
-0.11	0.029	0.0019	0.37	0.71	-0.024	-0.12	-1.4	0.013	-0.29	-0.017	-0.00028
-0.078	0.096	-0.00032	0.26	0.87	-0.021	-0.13	-1.4	0.014	-0.3	-0.022	-0.00023
-0.054	0.18	-0.0022	0.19	0.71	-0.017	-0.14	-1.4	0.013	-0.3	-0.025	-0.0002
-0.036	0.24	-0.0038	0.002	0.48	-0.014	-0.14	-1.4	0.013	-0.31	-0.027	-0.00018
-0.036	0.29	-0.005	0.077	0.23	-0.011	-0.15	-1.4	0.013	-0.32	-0.028	-0.00018
-0.028	0.31	-0.006	0.12	0.35	-0.0081	-0.15	-1.3	0.012	-0.32	-0.03	-0.00018
-0.017	0.35	-0.0066	0.16	0.32	-0.0056	-0.15	-1.3	0.012	-0.33	-0.031	-0.00019
-0.0029	0.38	-0.0071	0.15	0.35	-0.0035	-0.15	-1.3	0.011	-0.34	-0.032	-0.00019
0.011	0.42	-0.0074	0.12	0.4	-0.0019	-0.15	-1.2	0.01	-0.34	-0.032	-0.00019
0.021	0.46	-0.0075	0.1	0.39	-0.0009	-0.15	-1.2	0.0094	-0.35	-0.032	-0.00019
0.03	0.5	-0.0076	0.24	0.36	-0.00035	-0.15	-1.1	0.0086	-0.35	-0.032	-0.00018
0.051	0.53	-0.0076	0.31	0.34	-0.00012	-0.14	-1.1	0.0078	-0.35	-0.031	-0.00018
0.078	0.57	-0.0076	0.33	0.4	-4.5e-05	-0.14	-1	0.0071	-0.35	-0.03	-0.00017
0.11	0.6	-0.0076	0.3	0.44	-0.00018	-0.13	-0.97	0.0063	-0.35	-0.026	-0.00017
0.13	0.64	-0.0076	0.38	0.4	-0.00042	-0.12	-0.9	0.0056	-0.35	-0.022	-0.00017
0.16	0.68	-0.0077	0.15	0.4	-0.00051	-0.1	-0.84	0.0048	-0.34	-0.016	-0.00018
0.17	0.71	-0.0077	0.025	0.28	-0.00023	-0.085	-0.77	0.004	-0.33	-0.0091	-0.00019
0.17	0.73	-0.0077	0.04	0.13	0.00056	-0.068	-0.7	0.0033	-0.32	-0.0023	-0.00019
0.17	0.74	-0.0076	-0.015	0.047	0.0016	-0.05	-0.62	0.0025	-0.31	0.0041	-0.00016
0.17	0.73	-0.0074	-0.23	-0.18	0.0025	-0.033	-0.55	0.0017	-0.3	0.01	-0.00012
0.15	0.71	-0.0071	-0.15	-0.28	0.0037	-0.017	-0.48	0.001	-0.29	0.015	-7.1e-05
0.13	0.68	-0.0067	-0.17	-0.27	0.0043	-0.0036	-0.41	0.00031	-0.28	0.019	-1.4e-05
0.11	0.65	-0.0063	-0.093	-0.37	0.0043	0.0087	-0.34	-0.00034	-0.27	0.021	3e-05
0.11	0.61	-0.0058	-0.19	-0.29	0.0043	0.02	-0.28	-0.00094	-0.26	0.023	5.8e-05
0.088	0.59	-0.0054	-0.17	-0.27	0.0039	0.029	-0.22	-0.0015	-0.26	0.024	7e-05
0.072	0.56	-0.0051	-0.0068	-0.2	0.0035	0.037	-0.16	-0.002	-0.25	0.024	7.2e-05
0.071	0.54	-0.0047	0.031	-0.23	0.0033	0.044	-0.11	-0.0025	-0.24	0.025	6.6e-05
0.074	0.52	-0.0044	-0.033	-0.011	0.0028	0.052	-0.053	-0.003	-0.24	0.026	5.5e-05
0.07	0.51	-0.0041	-0.031	-0.2	0.0027	0.059	-0.0014	-0.0034	-0.23	0.027	4e-05
0.066	0.49	-0.0039	0.016	-0.34	0.003	0.066	0.049	-0.0038	-0.22	0.028	2.5e-05
0.068	0.28	-0.0035	-0.0084	-2.3	0.0048	0.072	0.089	-0.0042	-0.22	0.03	1.8e-05
0.066	0.063	-0.0031	-0.056	-2	0.0028	0.079	0.11	-0.0045	-0.23	0.033	3.6e-05
0.06	-0.12	-0.0028	0.055	-1.6	0.0023	0.086	0.1	-0.0048	-0.25	0.035	6.5e-05
0.064	-0.25	-0.0024	0.096	-1.1	0.0073	0.092	0.084	-0.0051	-0.28	0.038	8.7e-05
0.072	-0.34	-0.0013	0.017	-0.65	0.015	0.099	0.054	-0.0052	-0.32	0.041	0.0001
0.071	-0.38	0.0006	-0.14	-0.2	0.022	0.11	0.017	-0.0053	-0.35	0.045	9.5e-05
0.057	-0.38	0.0029	-0.089	0.23	0.024	0.11	-0.021	-0.0051	-0.38	0.049	4.5e-05
0.047	-0.35	0.0052	-0.056	0.58	0.021	0.12	-0.058	-0.0047	-0.41	0.052	-4.5e-05
0.041	-0.28	0.0069	-0.047	0.76	0.013	0.12	-0.09	-0.0041	-0.43	0.055	-0.00014
0.035	-0.2	0.0077	-0.22	0.88	0.0025	0.13	-0.11	-0.0033	-0.44	0.058	-0.00021
0.013	-0.11	0.0075	-0.36	0.82	-0.0069	0.13	-0.13	-0.0026	-0.45	0.06	-0.00026
-0.021	-0.036	0.0064	-0.25	0.7	-0.013	0.13	-0.14	-0.0019	-0.45	0.061	-0.00027
-0.044	0.027	0.0049	-0.25	0.59	-0.016	0.12	-0.14	-0.0013	-0.44	0.06	-0.00025
-0.066	0.077	0.0033	-0.35	0.39	-0.016	0.12	-0.13	-0.0009	-0.43	0.057	-0.00021
-0.097	0.11	0.0018	-0.27	0.2	-0.014	0.11	-0.12	-0.00065	-0.41	0.054	-0.00017
-0.12	0.12	0.00055	-0.18	-0.059	-0.011	0.1	-0.11	-0.00054	-0.4	0.049	-0.00014
-0.13	0.11	-0.00033	0.025	-0.18	-0.0072	0.087	-0.1	-0.00053	-0.39	0.043	-0.00014
-0.13	0.085	-0.00091	-0.12	-0.33	-0.0045	0.074	-0.09	-0.00059	-0.38	0.038	-0.00017
-0.14	0.05	-0.0013	-0.13	-0.4	-0.0028	0.061	-0.083	-0.0007	-0.38	0.032	-0.00022
-0.15	0.012	-0.0015	0.092	-0.37	-0.0015	0.047	-0.08	-0.00084	-0.38	0.027	-0.00026
-0.13	-0.022	-0.0016	0.018	-0.38	-0.00022	0.032	-0.081	-0.001	-0.38	0.022	-0.00029
-0.13	-0.055	-0.0015	-0.018	-0.33	0.0011	0.019	-0.084	-0.0012	-0.39	0.017	-0.0003
-0.13	-0.082	-0.0014	-0.024	-0.24	0.0024	0.006	-0.091	-0.0013	-0.4	0.013	-0.00029
-0.13	-0.099	-0.0011	0.064	-0.097	0.0035	-0.0071	-0.1	-0.0014	-0.41	0.0092	-0.00026
-0.12	-0.1	-0.00067	0.094	-0.015	0.0042	-0.02	-0.11	-0.0015	-0.42	0.0054	-0.00023
-0.11	-0.099	-0.00024	0.084	0.16	0.0042	-0.032	-0.12	-0.0016	-0.43	0.0022	-0.00019
-0.1	-0.079	0.00015	0.14	0.24	0.0034	-0.043	-0.13	-0.0016	-0.43	-0.00068	-0.00016
-0.091	-0.052	0.00042	0.072	0.32	0.0019	-0.052	-0.14	-0.0015	-0.44	-0.003	-0.00012
-0.083	-0.02	0.00052	0.17	0.35	0.00012	-0.061	-0.14	-0.0015	-0.44	-0.0049	-9.2e-05
-0.067	0.015	0.00045	0.19	0.29	-0.0016	-0.068	-0.14	-0.0014	-0.45	-0.0064	-7.3e-05
-0.049	0.042	0.00022	0.22	0.34	-0.0028	-0.074	-0.14	-0.0014	-0.44	-0.0072	-6.2e-05
-0.029	0.073	-0.00011	0.23	0.24	-0.0037	-0.078	-0.13	-0.0014	-0.44	-0.0072	-5.8e-05
-0.0089	0.093	-0.00049	0.32	0.18	-0.0038	-0.08	-0.12	-0.0014	-0.44	-0.0063	-6e-05
0.019	0.11	-0.00085	0.22	0.13	-0.0034	-0.08	-0.11	-0.0015	-0.43	-0.0043	-6.4e-05
0.039	0.12	-0.0012	0.11	0.056	-0.0028	-0.077	-0.1	-0.0016	-0.42	-0.0014	-6.6e-05
0.047	0.12	-0.0014	-0.038	-0.06	-0.0019	-0.072	-0.09	-0.0017	-0.42	0.002	-6.1e-05
0.043	0.11	-0.0015	0.036	-0.066	-0.00084	-0.068	-0.079	-0.0019	-0.41	0.0049	-4.8e-05
0.045	0.1	-0.0016	0.058	-0.12	-8.6e-05	-0.063	-0.069	-0.002	-0.41	0.0073	-3e-05
0.049	0.088	-0.0016	-0.066	-0.23	0.00056	-0.059	-0.059	-0.0022	-0.41	0.0094	-1.3e-05
0.042	0.065	-0.0015	-0.23	-0.18	0.0013	-0.054	-0.051	-0.0023	-0.41	0.011	-8.7e-07
0.021	0.048	-0.0013	-0.19	-0.12	0.0018	-0.051	-0.046	-0.0025	-0.41	0.011	5.6e-06
0.0038	0.038	-0.0011	-0.18	-0.011	0.0021	-0.05	-0.041	-0.0026	-0.41	0.01	5.8e-06
-0.012	0.038	-0.00091	-0.31	0.061	0.0021	-0.05	-0.038	-0.0027	-0.41	0.0078	3.4e-06
-0.038	0.045	-0.00072	-0.17	0.094	0.0018	-0.053	-0.033	-0.0028	-0.41	0.004	2.9e-06
-0.052	0.054	-0.00055	0.11	0.07	0.0014	-0.057	-0.029	-0.0028	-0.42	-0.00099	6.7e-06
-0.04	0.061	-0.00042	0.069	0.022	0.0013	-0.062	-0.023	-0.0029	-0.42	-0.0058	1.4e-05
-0.032	0.062	-0.0003	0.21	0.084	0.001	-0.065	-0.017	-0.0029	-0.41	-0.0099	2e-05
-0.011	0.069	-0.00022	0.15	0.055	0.00058	-0.068	-0.01	-0.0029	-0.41	-0.013	2.2e-05
0.0036	0.073	-0.00019	0.075	0.069	0.00019	-0.068	-0.0029	-0.003	-0.41	-0.014	2e-05
0.011	0.078	-0.00018	-0.035	-0.05	-0.00011	-0.067	0.0047	-0.003	-0.41	-0.015	1.5e-05
0.0079	0.072	-0.00019	-0.023	-0.072	-2.5e-05	-0.066	0.012	-0.003	-0.4	-0.016	1.2e-05
0.006	0.064	-0.00019	0.095	-0.089	0.00015	-0.066	0.019	-0.003	-0.4	-0.016	1e-05
0.015	0.054	-0.00016	-0.18	0.042	0.00034	-0.065	0.025	-0.003	-0.4	-0.017	9.3e-06
-0.0016	0.057	-0.00013	-0.085	0.057	0.0003	-0.064	0.031	-0.0031	-0.4	-0.017	8.6e-06
-0.0088	0.061	-0.0001	-0.17	0.15	0.00018	-0.064	0.036	-0.0031	-0.4	-0.019	9.6e-06
-0.023	0.074	-0.0001	-0.16	0.12	-0.00011	-0.066	0.043	-0.0031	-0.39	-0.021	1.2e-05
-0.037	0.083	-0.00012	0.02	0.051	-0.00029	-0.069	0.051	-0.0031	-0.39	-0.024	1.6e-05
-0.033	0.085	-0.00015	0.13	-0.00084	-0.00017	-0.073	0.06	-0.0031	-0.38	-0.028	1.8e-05
-0.02	0.083	-0.00015	0.14	0.063	4.6e-05	-0.075	0.068	-0.0031	-0.38	-0.031	1.5e-05
-0.0061	0.086	-0.00015	0.21	0.11	1.9e-05	-0.077	0.076	-0.0031	-0.38	-0.033	5.5e-06
0.014	0.094	-0.00016	0.14	0.039	-0.00015	-0.076	0.085	-0.0031	-0.37	-0.034	-5.3e-06
0.027	0.094	-0.00017	0.14	-0.021	-0.00015	-0.074	0.095	-0.0032	-0.36	-0.033	-1.6e-05
0.04	0.09	-0.00018	0.001	-0.093	2.2e-05	-0.071	0.1	-0.0032	-0.36	-0.033	-2.3e-05
0.039	0.078	-0.00016	0.049	-0.11	0.00037	-0.067	0.11	-0.0032	-0.35	-0.031	-2.5e-05
0.043	0.066	-0.00011	-0.0027	-0.23	0.00066	-0.063	0.12	-0.0032	-0.35	-0.03	-2.2e-05
0.042	0.042	-2.6e-05	-0.022	-0.2	0.001	-0.059	0.13	-0.0032	-0.35	-0.029	-1.5e-05
0.04	0.022	9.1e-05	-0.015	-0.21	0.0013	-0.055	0.13	-0.0032	-0.35	-0.028	-8.6e-06
0.038	0.0021	0.00023	0.068	-0.27	0.0015	-0.051	0.13	-0.0032	-0.35	-0.027	-3.2e-06
0.044	-0.023	0.00039	0.087	-0.25	0.0017	-0.047	0.13	-0.0032	-0.35	-0.026	4e-07
0.051	-0.045	0.00057	-0.047	-0.18	0.0018	-0.042	0.13	-0.0031	-0.35	-0.025	3.3e-06
0.047	-0.06	0.00075	-0.034	-0.11	0.0019	-0.037	0.12	-0.0031	-0.35	-0.024	5.1e-06
0.043	-0.069	0.00094	-0.031	-0.09	0.0018	-0.032	0.11	-0.003	-0.36	-0.024	4.2e-06
0.04	-0.076	0.0011	-0.12	-0.056	0.0016	-0.028	0.11	-0.0029	-0.36	-0.023	2.1e-06
0.029	-0.079	0.0013	-0.09	0.03	0.0013	-0.025	0.098	-0.0028	-0.36	-0.023	-5.7e-07
0.02	-0.075	0.0014	-0.052	0.024	0.00082	-0.022	0.091	-0.0026	-0.36	-0.024	-3.1e-06
0.016	-0.072	0.0014	-0.18	-0.015	0.00037	-0.021	0.083	-0.0025	-0.37	-0.024	-4e-06
0.00021	-0.073	0.0014	-0.12	0.078	-3.3e-05	-0.02	0.076	-0.0023	-0.37	-0.026	-3.5e-06
-0.0098	-0.065	0.0014	-0.082	0.13	-0.00045	-0.02	0.069	-0.0022	-0.37	-0.028	-2.4e-06
-0.016	-0.053	0.0014	-0.093	0.18	-0.00084	-0.022	0.063	-0.0021	-0.37	-0.03	1.8e-07
-0.024	-0.036	0.0012	-0.087	0.11	-0.0012	-0.024	0.059	-0.0019	-0.37	-0.033	3.6e-06
-0.03	-0.027	0.0011	-0.028	0.13	-0.0014	-0.026	0.056	-0.0018	-0.36	-0.036	6.8e-06
-0.032	-0.016	0.00097	-0.14	0.033	-0.0014	-0.029	0.054	-0.0017	-0.36	-0.039	7.8e-06
-0.043	-0.014	0.00084	-0.17	-0.021	-0.0013	-0.033	0.052	-0.0016	-0.36	-0.042	6.5e-06
-0.057	-0.018	0.00072	-0.11	-0.028	-0.00099	-0.038	0.051	-0.0015	-0.36	-0.046	3.3e-06
-0.065	-0.021	0.00064	-0.038	-0.058	-0.00066	-0.044	0.049	-0.0015	-0.36	-0.05	-2.1e-06
-0.067	-0.027	0.00059	-0.0022	0.017	-0.00031	-0.051	0.046	-0.0014	-0.35	-0.055	-9.1e-06
-0.065	-0.026	0.00057	0.0062	0.0085	-0.00012	-0.058	0.044	-0.0013	-0.35	-0.059	-1.6e-05
-0.063	-0.026	0.00056	-0.13	-0.087	1.2e-05	-0.064	0.041	-0.0013	-0.35	-0.063	-2e-05
-0.072	-0.034	0.00057	-0.041	-0.21	0.00019	-0.071	0.038	-0.0012	-0.35	-0.067	-2.3e-05
-0.074	-0.053	0.00061	-0.032	-0.079	0.00048	-0.078	0.034	-0.0012	-0.35	-0.072	-2.6e-05
-0.075	-0.059	0.00067	-0.11	-0.098	0.0007	-0.086	0.028	-0.0011	-0.36	-0.076	-2.9e-05
-0.084	-0.067	0.00075	-0.068	-0.13	0.00086	-0.094	0.022	-0.001	-0.36	-0.081	-2.9e-05
-0.088	-0.077	0.00084	-0.0082	-0.079	0.001	-0.1	0.014	-0.00096	-0.36	-0.086	-2.7e-05
-0.086	-0.083	0.00094	0.03	-0.0085	0.0011	-0.11	0.0063	-0.00087	-0.37	-0.091	-2.3e-05
-0.081	-0.081	0.001	0.089	0.091	0.00098	-0.12	-0.002	-0.00077	-0.37	-0.096	-1.6e-05
-0.07	-0.07	0.0011	0.059	0.1	0.00065	-0.13	-0.0096	-0.00066	-0.37	-0.1	-4.2e-06
-0.063	-0.059	0.0012	0.15	0.12	0.00013	-0.13	-0.016	-0.00055	-0.38	-0.11	9.3e-06
-0.047	-0.046	0.0012	-0.05	0.2	-0.00046	-0.14	-0.021	-0.00043	-0.38	-0.11	2.1e-05
-0.05	-0.027	0.0011	-0.065	0.21	-0.0011	-0.14	-0.025	-0.00032	-0.38	-0.11	2.9e-05
-0.055	-0.0077	0.00094	-0.034	0.13	-0.0016	-0.15	-0.027	-0.00022	-0.38	-0.12	3.5e-05
-0.056	0.0036	0.00077	0.044	0.055	-0.0017	-0.15	-0.027	-0.00013	-0.38	-0.12	3.9e-05
-0.05	0.0079	0.0006	0.37	0.016	-0.0016	-0.16	-0.026	-6.1e-05	-0.37	-0.12	3.9e-05
-0.013	0.009	0.00045	0.41	-0.059	-0.0014	-0.16	-0.026	-9e-06	-0.37	-0.13	3.2e-05
0.025	0.0032	0.00031	0.31	-0.089	-0.0013	-0.16	-0.025	2.9e-05	-0.37	-0.13	2.2e-05
0.053	-0.0051	0.00018	0.24	-0.15	-0.0012	-0.16	-0.025	5.3e-05	-0.37	-0.13	1.4e-05
0.074	-0.019	7.7e-05	0.21	-0.065	-0.00088	-0.15	-0.026	6.6e-05	-0.37	-0.12	1.2e-05
0.092	-0.024	3.7e-06	0.19	-0.13	-0.00056	-0.14	-0.028	7e-05	-0.37	-0.12	1.3e-05
0.11	-0.035	-3.2e-05	0.06	-0.096	-0.00016	-0.13	-0.031	6.8e-05	-0.37	-0.12	1.5e-05
0.11	-0.042	-2.5e-05	-0.017	-0.045	0.00028	-0.12	-0.035	6.5e-05	-0.38	-0.11	1.6e-05
0.11	-0.045	2.1e-05	-0.14	-0.049	0.00062	-0.11	-0.04	6.4e-05	-0.38	-0.11	1.3e-05
0.094	-0.048	9.6e-05	-0.03	-0.065	0.00084	-0.1	-0.044	7e-05	-0.38	-0.11	4.4e-06
0.09	-0.052	0.00018	0.028	-0.015	0.00085	-0.093	-0.049	8.4e-05	-0.39	-0.11	-6.2e-06
0.092	-0.051	0.00026	0.016	0.11	0.00069	-0.084	-0.055	0.00011	-0.39	-0.1	-1.5e-05
0.093	-0.039	0.00031	0.1	0.09	0.00036	-0.074	-0.059	0.00014	-0.39	-0.1	-2e-05
0.1	-0.03	0.00033	0.089	-0.04	-1.9e-05	-0.065	-0.063	0.00017	-0.4	-0.1	-2.3e-05
0.11	-0.032	0.00032	0.0048	-0.08	-0.00018	-0.054	-0.066	0.0002	-0.4	-0.1	-2.4e-05
0.11	-0.039	0.0003	0.078	-0.048	-0.00018	-0.043	-0.069	0.00023	-0.4	-0.097	-2.3e-05
0.11	-0.042	0.00028	0.075	0.026	-0.0002	-0.032	-0.073	0.00026	-0.4	-0.095	-2.1e-05
0.12	-0.037	0.00026	-0.038	0.089	-0.00027	-0.02	-0.077	0.00029	-0.41	-0.092	-1.9e-05
0.12	-0.028	0.00023	-0.014	0.083	-0.00035	-0.0083	-0.08	0.00031	-0.41	-0.089	-1.8e-05
0.11	-0.019	0.00019	0.044	0.13	-0.0005	0.0031	-0.083	0.00033	-0.41	-0.086	-2e-05
0.12	-0.006	0.00012	-0.017	0.18	-0.0008	0.015	-0.084	0.00035	-0.41	-0.082	-2.2e-05
0.11	0.011	2.6e-05	-0.18	0.16	-0.0011	0.026	-0.084	0.00036	-0.41	-0.079	-2.4e-05
0.094	0.026	-9.1e-05	-0.095	0.18	-0.0012	0.036	-0.082	0.00035	-0.41	-0.076	-2.6e-05
0.084	0.042	-0.00022	-0.054	0.15	-0.0014	0.045	-0.079	0.00034	-0.41	-0.073	-2.5e-05
0.078	0.054	-0.00037	-0.14	0.045	-0.0015	0.053	-0.074	0.00031	-0.41	-0.071	-2.2e-05
0.065	0.057	-0.00051	-0.19	-0.04	-0.0012	0.061	-0.068	0.00026	-0.4	-0.07	-1.9e-05
0.047	0.052	-0.0006	-0.27	-0.078	-0.00071	0.066	-0.063	0.00021	-0.4	-0.069	-1.4e-05
0.022	0.043	-0.00065	-0.26	-0.071	-0.00021	0.07	-0.058	0.00015	-0.4	-0.069	-9.1e-06
-0.0018	0.035	-0.00065	-0.18	-0.064	0.00021	0.07	-0.054	8.1e-05	-0.4	-0.07	-6.7e-06
-0.014	-0.009	-0.00059	-0.033	-1.8	0.0019	0.07	-0.051	1.8e-05	-0.4	-0.072	-6.9e-06
-0.017	-0.18	-0.0004	0.046	-1.5	0.002	0.068	-0.061	-3.3e-05	-0.41	-0.074	-2.4e-05
-0.012	-0.31	-0.00014	0.052	-1.1	0.0038	0.067	-0.085	-6.1e-05	-0.43	-0.076	-3.8e-05
-0.0068	-0.4	0.00047	0.1	-0.72	0.0088	0.066	-0.12	-4.9e-05	-0.46	-0.077	-2.7e-05
0.0025	-0.45	0.0017	0.16	-0.26	0.015	0.065	-0.16	5.2e-05	-0.5	-0.077	8.2e-06
0.017	-0.46	0.0034	0.29	0.23	0.02	0.066	-0.21	0.0003	-0.53	-0.076	5.3e-05
0.042	-0.41	0.0055	0.26	0.65	0.02	0.069	-0.25	0.00075	-0.56	-0.073	8.9e-05
0.065	-0.34	0.0073	0.25	0.81	0.015	0.075	-0.29	0.0014	-0.58	-0.068	9.7e-05
0.086	-0.24	0.0084	0.16	1	0.0066	0.082	-0.32	0.0022	-0.6	-0.062	5.7e-05
0.098	-0.14	0.0085	0.12	1.1	-0.0036	0.092	-0.34	0.003	-0.61	-0.055	-2.3e-05
0.11	-0.036	0.0077	-0.071	0.88	-0.012	0.1	-0.35	0.0039	-0.61	-0.047	-0.00012
0.096	0.045	0.0062	0.022	0.75	-0.018	0.11	-0.35	0.0046	-0.6	-0.04	-0.0002
0.095	0.11	0.0043	0.1	0.56	-0.02	0.12	-0.34	0.0051	-0.59	-0.033	-0.00023
0.1	0.16	0.0023	0.023	0.3	-0.02	0.13	-0.33	0.0054	-0.58	-0.026	-0.00023
0.1	0.18	0.00043	-0.0035	0.1	-0.017	0.14	-0.31	0.0055	-0.57	-0.019	-0.00019
0.097	0.18	-0.0011	-0.025	-0.048	-0.013	0.15	-0.29	0.0055	-0.56	-0.012	-0.00013
0.092	0.17	-0.0022	0.036	-0.21	-0.0099	0.16	-0.27	0.0053	-0.55	-0.0052	-5.8e-05
0.092	0.14	-0.0031	0.064	-0.32	-0.0068	0.17	-0.26	0.0051	-0.54	0.0011	1.5e-05
0.095	0.11	-0.0036	-0.035	-0.38	-0.004	0.18	-0.25	0.0047	-0.54	0.0077	7.9e-05
0.089	0.076	-0.0039	-0.078	-0.3	-0.0014	0.19	-0.24	0.0044	-0.54	0.014	0.00013
0.079	0.05	-0.0039	-0.15	-0.23	0.00097	0.2	-0.23	0.004	-0.55	0.02	0.00016
0.062	0.033	-0.0037	-0.041	-0.08	0.003	0.2	-0.23	0.0036	-0.55	0.025	0.00016
0.056	0.031	-0.0033	-0.23	0.0045	0.0042	0.21	-0.22	0.0032	-0.56	0.03	0.00015
0.032	0.036	-0.0029	-0.28	0.056	0.0047	0.22	-0.22	0.0029	-0.57	0.034	0.00012
0.0045	0.046	-0.0024	-0.24	0.12	0.0043	0.22	-0.22	0.0026	-0.58	0.037	8.8e-05
-0.019	0.061	-0.0021	-0.18	0.21	0.0032	0.22	-0.21	0.0024	-0.58	0.038	5.6e-05
-0.036	0.084	-0.0018	-0.033	0.27	0.0016	0.21	-0.2	0.0022	-0.58	0.039	3.4e-05
-0.039	0.11	-0.0017	-0.082	0.26	-9.7e-05	0.21	-0.19	0.002	-0.59	0.039	2.2e-05
-0.047	0.14	-0.0018	0.0041	0.28	-0.0016	0.21	-0.18	0.0019	-0.58	0.04	1.7e-05
-0.047	0.16	-0.0021	0.0038	0.21	-0.0029	0.2	-0.17	0.0017	-0.58	0.04	1.4e-05
-0.047	0.18	-0.0024	0.073	0.099	-0.0034	0.2	-0.15	0.0015	-0.58	0.041	1e-05
-0.041	0.18	-0.0027	0.067	0.07	-0.0032	0.19	-0.13	0.0012	-0.57	0.043	5.7e-06
-0.046	0.45	-0.0034	-0.1	5.7	-0.019	0.19	-0.11	0.00091	-0.56	0.045	5.7e-07
-0.055	0.95	-0.0074	-0.14	4.4	-0.062	0.18	-0.036	0.00041	-0.51	0.047	-3e-05
-0.065	1.3	-0.015	-0.056	2.4	-0.074	0.18	0.078	-0.00069	-0.44	0.048	-4.2e-05
-0.068	1.5	-0.02	-0.029	0.65	-0.027	0.17	0.22	-0.0025	-0.35	0.049	-1.6e-05
-0.071	1.5	-0.019	0.032	-0.52	0.044	0.16	0.37	-0.0045	-0.25	0.049	7.8e-06
-0.068	1.4	-0.012	-0.072	-0.89	0.092	0.16	0.51	-0.0062	-0.17	0.05	1.6e-05
-0.076	1.3	-0.0025	-0.0062	-1.3	0.098	0.15	0.65	-0.0069	-0.093	0.05	2e-05
-0.078	1.1	0.0066	0.026	-1.6	0.08	0.14	0.77	-0.0067	-0.032	0.051	5.1e-05
-0.077	0.97	0.013	0.018	-1.8	0.049	0.13	0.87	-0.0057	0.014	0.051	8.5e-05
-0.077	0.8	0.017	0.11	-1.9	0.019	0.13	0.96	-0.0042	0.047	0.051	0.00012
-0.069	0.62	0.017	0.039	-1.6	-0.0021	0.12	1	-0.0025	0.067	0.052	0.00016
-0.065	0.47	0.016	-0.0096	-1.3	-0.015	0.11	1.1	-0.00078	0.078	0.054	0.0002
-0.063	0.35	0.014	0.1	-1	-0.022	0.11	1.1	0.00077	0.083	0.055	0.00025
-0.057	0.28	0.012	-0.13	-0.52	-0.02	0.099	1.2	0.0021	0.086	0.057	0.0003
-0.076	0.23	0.01	-0.25	-0.42	-0.021	0.093	1.2	0.0032	0.092	0.058	0.00031
-0.1	0.19	0.0081	-0.13	-0.3	-0.022	0.084	1.2	0.0041	0.1	0.057	0.00029
-0.12	0.16	0.006	-0.072	-0.3	-0.02	0.073	1.2	0.0049	0.11	0.054	0.00029
-0.12	0.13	0.0041	-0.078	-0.23	-0.018	0.061	1.2	0.0054	0.12	0.051	0.00028
-0.13	0.1	0.0024	-0.1	-0.25	-0.016	0.048	1.2	0.0057	0.14	0.047	0.00027
-0.14	0.07	0.00097	-0.064	-0.39	-0.012	0.035	1.3	0.0058	0.16	0.043	0.00026
-0.14	0.026	-9.1e-05	-0.13	-0.58	-0.0089	0.021	1.3	0.0059	0.17	0.037	0.00023
-0.16	-0.035	-0.00082	-0.11	-0.67	-0.0058	0.0059	1.3	0.0058	0.19	0.032	0.00018
-0.16	-0.1	-0.0013	-0.15	-0.72	-0.004	-0.01	1.3	0.0057	0.21	0.025	0.00013
-0.18	-0.18	-0.0016	-0.12	-0.88	-0.0036	-0.027	1.2	0.0056	0.22	0.018	5.9e-05
-0.19	-0.26	-0.002	-0.14	-0.68	-0.0037	-0.045	1.2	0.0054	0.23	0.01	-1.3e-05
-0.2	-0.32	-0.0024	-0.12	-0.59	-0.0044	-0.065	1.2	0.0052	0.23	0.0019	-8.4e-05
-0.2	-0.38	-0.0029	0.019	-0.75	-0.005	-0.085	1.2	0.0049	0.24	-0.0072	-0.00014
-0.2	-0.45	-0.0034	0.16	-0.62	-0.0047	-0.1	1.1	0.0046	0.24	-0.016	-0.00017
-0.18	-0.5	-0.0038	0.29	-0.67	-0.0045	-0.12	1.1	0.0042	0.23	-0.025	-0.00019
-0.15	-0.56	-0.0042	0.41	-0.55	-0.0039	-0.14	1	0.0038	0.23	-0.032	-0.00019
-0.11	-0.61	-0.0046	0.34	-0.41	-0.0033	-0.15	0.95	0.0034	0.22	-0.037	-0.00016
-0.08	-0.64	-0.0049	0.34	-0.081	-0.002	-0.16	0.89	0.0029	0.21	-0.04	-0.00011
-0.049	-0.64	-0.005	0.31	-0.055	-0.0008	-0.17	0.83	0.0024	0.2	-0.041	-5.4e-05
-0.021	-0.64	-0.005	0.18	0.12	0.00035	-0.17	0.76	0.0019	0.19	-0.041	-1.2e-05
-0.0056	-0.63	-0.005	0.071	0.2	0.0012	-0.17	0.7	0.0014	0.19	-0.04	1.2e-05
0.00053	-0.61	-0.0048	-0.013	0.075	0.0015	-0.17	0.64	0.00095	0.18	-0.04	1.7e-05
-0.00068	-0.6	-0.0046	-0.041	0.14	0.0018	-0.17	0.58	0.00047	0.18	-0.039	1.1e-05
-0.004	-0.59	-0.0045	-0.038	0.26	0.0022	-0.18	0.52	1.8e-05	0.17	-0.04	1.4e-06
-0.0065	-0.56	-0.0042	-0.052	0.1	0.0021	-0.18	0.46	-0.00042	0.17	-0.042	-7.4e-06
-0.01	-0.55	-0.004	0.043	0.073	0.0021	-0.18	0.4	-0.00083	0.17	-0.044	-1.3e-05
-0.0048	-0.54	-0.0038	0.00079	0.23	0.0026	-0.18	0.35	-0.0012	0.16	-0.047	-1.9e-05
-0.0031	-0.52	-0.0035	0.031	0.15	0.0026	-0.18	0.29	-0.0016	0.16	-0.05	-2.2e-05
0.0013	-0.51	-0.0033	0.059	0.22	0.0027	-0.18	0.24	-0.0019	0.16	-0.053	-2.4e-05
0.0082	-0.48	-0.003	0.033	0.34	0.003	-0.18	0.19	-0.0022	0.15	-0.056	-2.4e-05
0.013	-0.45	-0.0027	0.13	0.2	0.0029	-0.18	0.15	-0.0025	0.15	-0.059	-2.1e-05
0.026	-0.43	-0.0024	0.21	0.21	0.0027	-0.17	0.1	-0.0028	0.14	-0.061	-1.6e-05
0.045	-0.41	-0.0021	0.12	0.21	0.0026	-0.17	0.061	-0.003	0.14	-0.063	-1.1e-05
0.057	-0.39	-0.0019	0.16	0.26	0.0025	-0.17	0.02	-0.0032	0.13	-0.064	-5.1e-06
0.071	-0.37	-0.0017	0.19	0.4	0.0024	-0.16	-0.017	-0.0034	0.13	-0.064	-2.7e-07
0.088	-0.33	-0.0014	0.068	0.3	0.0024	-0.15	-0.052	-0.0035	0.12	-0.063	2.9e-06
0.093	-0.3	-0.0012	0.096	0.24	0.0023	-0.14	-0.083	-0.0037	0.12	-0.061	3.6e-06
0.1	-0.28	-0.00096	0.19	0.22	0.0021	-0.13	-0.11	-0.0038	0.12	-0.06	2e-06
0.12	-0.25	-0.00077	0.045	0.35	0.0019	-0.12	-0.14	-0.0039	0.11	-0.057	1.8e-07
0.12	-0.22	-0.00057	-0.094	0.34	0.002	-0.11	-0.16	-0.0039	0.11	-0.055	-1.5e-06
0.11	-0.19	-0.00036	-0.076	0.4	0.0021	-0.098	-0.18	-0.004	0.11	-0.052	-6.1e-06
0.1	-0.15	-0.00016	-0.02	0.37	0.0021	-0.087	-0.2	-0.004	0.1	-0.05	-1.2e-05
0.1	-0.12	4.3e-05	0.0067	0.34	0.0019	-0.077	-0.21	-0.004	0.1	-0.049	-1.7e-05
0.1	-0.085	0.00023	-0.042	0.28	0.0018	-0.067	-0.22	-0.004	0.1	-0.048	-2e-05
0.096	-0.06	0.0004	-0.042	0.34	0.0017	-0.057	-0.23	-0.004	0.1	-0.046	-1.9e-05
0.092	-0.029	0.00056	0.026	0.18	0.0016	-0.048	-0.23	-0.0039	0.1	-0.045	-1.8e-05
0.093	-0.014	0.00072	0.074	0.16	0.0015	-0.038	-0.24	-0.0039	0.1	-0.044	-1.5e-05
0.099	7.6e-05	0.00085	0.16	0.027	0.0013	-0.029	-0.24	-0.0038	0.1	-0.043	-1.3e-05
0.11	0.0024	0.00097	0.086	0.03	0.001	-0.018	-0.24	-0.0037	0.1	-0.04	-9.2e-06
0.12	0.0055	0.0011	0.095	0.16	0.00066	-0.0068	-0.24	-0.0036	0.1	-0.037	-3.8e-06
0.12	0.021	0.0011	0.063	0.16	0.00055	0.0053	-0.24	-0.0035	0.1	-0.034	1.2e-06
0.13	0.036	0.0012	-0.0074	0.25	0.00043	0.018	-0.23	-0.0034	0.098	-0.029	2.8e-06
